deepmatcher_structured_walmart_amazon
2438
505
1022
843
5683
1287
670
5923
250
1572
3541
1233
0
86
903
4096
2826
6111
662
3656
3070
2653
5584
597
6142
2528
3377
3148
2591
5153
2209
5642
3065
2520
1800
5003
1716
3384
3792
508
5139
5703
1188
421
2080
5265
1782
3546
4242
6064
4599
2295
5558
4780
2802
1611
3076
574
4163
284
4461
2101
4723
5409
4777
3041
797
6088
2465
3139
4106
5635
2830
1844
6051
1746
5885
511
5736
1923
4804
4866
1459
6074
3078
3232
5855
25
1858
1566
5299
4422
5090
5441
1521
3040
3084
5664
4528
3585
5618
1426
4228
5566
3083
3759
2001
2892
1738
2934
2331
3002
4279
2007
1707
4319
3996
5738
4041
987
2053
875
1109
2124
2531
4496
3029
5228
2412
3975
3150
4183
5545
1651
1764
749
4707
2581
3092
5404
2418
2665
858
4024
5391
874
2353
892
5360
2686
1635
1361
2201
1824
1743
2155
3795
4618
5411
4797
4175
1230
2658
1231
1580
2000
4011
1224
5380
2844
642
1439
5412
2698
2184
6032
2297
2764
3457
406
3392
745
5047
2044
1516
2627
5569
4260
2721
3953
2407
2491
1872
3059
4653
616
1761
1331
4851
5811
3595
3073
2879
216
4609
4381
364
5433
5082
5112
2623
1940
5906
2066
342
1787
1966
4362
1622
270
3082
4704
2773
3809
1630
2299
646
228
3490
788
3089
1078
2267
4267
5971
3368
1618
4440
5724
2210
5571
3962
2050
5432
2823
3272
1288
4005
3180
594
288
2133
4814
4201
5719
579
2444
953
3277
2174
3494
2919
1917
1529
4025
1269
5214
2509
5312
316
4580
1374
2731
452
3055
5244
4171
853
5949
195
5700
5186
6025
3433
2872
2901
4425
3210
1786
2231
2236
1685
3692
3363
5210
5800
5398
4266
3713
560
2807
575
1636
2443
2711
1541
4551
5814
3522
2671
4602
3142
2073
1722
4065
2163
2725
4718
5370
2268
2598
3482
2015
7
5005
3454
3748
5201
2667
4257
5797
204
2670
2993
1494
2394
5577
3647
5716
2099
3569
5072
2403
3965
1166
1278
1877
367
2522
3779
1186
4776
1164
862
1851
2987
4793
4043
1338
1212
4782
2894
4533
5480
5665
3980
1420
1598
1754
468
1043
6043
1728
2152
154
1411
1795
2439
2164
3267
3087
3610
2557
5442
3851
6034
2651
544
1967
2800
5869
2054
3872
3238
2474
2088
3088
3245
3890
4012
5413
3211
141
3605
5357
3183
5200
4596
4136
2036
4278
4547
2893
2078
4854
836
1881
2165
6016
2270
6018
2219
4904
2684
5672
3276
254
1684
5702
3323
5653
5510
1854
2312
481
6019
2959
5980
3356
4891
5646
8
5845
2132
4927
3262
1490
2955
3450
3327
5078
539
3096
5977
6014
3416
1255
11
683
828
5615
88
5142
3131
5241
122
5205
3158
2589
182
112
3248
2379
234
1875
5358
5122
297
58
396
5096
308
2319
3118
2385
332
4555
4650
3203
382
3471
2513
4627
3738
516
707
4988
3764
2956
2888
3745
3778
4745
4856
2512
3634
3651
1925
3166
5965
2203
3721
2884
3667
4000
4042
3140
3602
3341
3500
989
3793
4543
454
1585
3802
4095
3704
5667
3581
3359
3508
5161
3836
3347
5995
1503
3162
2029
764
2700
3883
413
272
3072
3930
2261
192
2938
387
4146
4156
4520
392
1922
1141
1733
656
2494
5836
5497
664
1913
5939
2662
677
2902
5935
3254
709
4416
4452
1739
760
4862
5891
3413
795
4219
5860
3888
801
5006
5816
2442
894
4120
5774
4067
962
864
5759
3268
1000
3798
5757
3992
1017
5978
5701
5147
1114
5922
4169
3878
1159
3758
5621
2720
1217
3988
5518
2554
1232
643
5440
3114
1284
2351
5418
4534
1305
624
5402
3550
1342
2421
5395
2141
1416
2685
5381
2463
1486
1381
4982
1435
1501
3130
5300
4869
1514
4864
5251
2205
1601
1587
5197
3113
1744
713
5181
4577
1762
1725
5169
1823
1781
1415
5046
4897
1890
3427
5042
2992
1894
840
4951
3261
1919
5482
4947
2157
1989
2489
4944
2632
2058
3689
4873
4822
2110
4062
4811
1059
2170
3373
4807
1681
2206
1045
4789
5225
2283
3583
4698
2609
2289
3668
4697
913
2321
1817
2392
4617
2364
3754
4664
3263
2472
1657
4616
1306
2480
4679
4591
3202
2482
1493
4557
2148
2490
1091
3167
1747
2532
4361
4535
5185
2571
3032
4477
4847
2596
3555
4462
1480
2774
1028
4431
5007
2791
102
4413
5279
2799
4662
4393
2702
2831
3020
4189
4913
2964
693
1668
3316
3018
1897
4365
4840
3125
4956
4348
4117
3147
2994
4336
1879
3932
651
4312
1715
3955
5739
4233
1907
4009
3312
4218
5023
4161
5749
4167
1517
4987
4489
3094
3067
59
3119
5455
3757
4401
4911
5325
3719
1825
4004
873
5691
4140
3875
4140
1638
2293
1320
1402
2953
1740
5287
4111
1797
2786
4629
5957
3662
3711
5355
5534
5515
2276
4774
1207
3826
3516
3060
5148
3058
4154
4979
5014
4112
4085
2400
2014
3056
4231
2125
1243
3927
2233
4333
1252
2519
604
1190
3650
4359
5477
975
349
4454
5690
4259
1477
1
2760
4999
5842
2348
1184
1975
3765
5174
209
2345
2056
908
554
1131
5062
2363
1223
1152
993
2694
2541
4886
5222
1167
2848
635
5520
1599
1640
1904
1760
5334
2827
1614
2827
2592
1226
3923
5416
1774
3544
1345
5146
5024
5848
695
5303
4479
2869
3755
339
4206
3169
488
1714
1998
4220
5909
419
5936
4409
2249
131
3579
2788
2931
1176
1836
845
2858
2408
5859
1179
5378
2432
718
5840
4453
720
2034
4721
559
506
2194
3527
3916
144
2077
2065
5273
5726
4760
1935
4932
4989
884
1991
2584
704
1312
5901
3165
5211
5247
1700
2891
4795
1720
3295
4060
1171
5071
5791
2674
592
4637
3886
4382
82
4441
1054
1209
4502
2355
3164
2795
750
1990
2326
2707
1378
2384
2713
3736
4345
2633
5022
4101
4473
2121
4970
2840
81
2769
2655
3444
2456
5324
3838
5592
735
1951
2483
2259
1882
4863
1736
487
3811
4076
5847
991
3172
1868
4190
1050
4217
2680
3066
3340
3066
3431
581
5944
1446
1993
1884
1867
5456
5315
678
5249
2479
5796
5368
893
331
5670
1225
2445
1349
4670
2530
914
5542
5460
537
5973
5345
1460
1905
4798
5259
1928
2254
2220
562
3091
5267
5747
1112
5173
3455
5196
2606
5530
1871
1509
2008
3090
3354
4054
3906
4268
5788
2288
5668
3010
17
4538
4435
2478
870
1751
4686
1968
4474
2657
2462
5135
4611
5818
1834
1383
2565
2511
4792
2765
5722
2597
3250
2912
3534
2387
4370
2714
3109
5535
1500
2933
4134
6044
1354
2990
4139
1954
4481
915
2227
5798
1145
2815
1061
4641
2060
3256
2729
4692
3168
3654
5177
5717
1122
5998
2025
1547
3509
3653
4598
4384
4252
3718
1683
2420
1316
1395
2839
4286
1073
5063
1180
4786
3434
4170
3513
5893
2493
1853
4007
3568
4284
5754
444
2873
6076
2051
5344
2920
3771
6011
5195
3853
3858
4356
1819
1201
1665
3079
3086
2672
1965
4159
4684
3332
4102
3681
1440
2273
1723
1412
599
3902
2222
2989
5458
2906
5088
3281
3652
4884
3101
2759
4763
3935
4695
1906
5937
1663
2381
2639
4466
4501
21
699
3287
5342
3797
5624
1830
2732
1317
2876
2193
5756
4950
5730
5685
4147
5437
2595
2383
1680
1034
5661
5516
5693
3138
1260
1360
5446
1745
2510
2191
3832
815
5132
2927
4861
5385
2923
62
3011
2458
6010
5304
4353
2477
1562
2172
2378
2538
4934
932
1769
43
1148
1194
1270
2256
2447
1949
5768
1107
2945
3756
1436
691
3097
6047
3025
3095
5160
4344
4606
381
1075
4432
1471
580
1240
766
5634
5975
1465
1876
5648
3098
5068
4778
4821
3502
3899
4553
4643
5276
6040
3343
2499
1641
620
602
2285
109
2069
3786
3622
226
2111
4430
1752
3235
1094
6037
5140
4586
3913
3909
3133
3818
4036
2650
4398
2950
1353
3914
618
4736
5831
3969
1102
4008
1105
2487
2723
721
2143
1244
1883
5844
2821
352
3970
1768
2549
1900
4889
4741
4411
3480
1946
3678
4540
2948
1178
5031
2067
4478
1384
929
3859
2356
2161
3663
1391
4578
5127
1438
906
5377
5737
4737
5425
1502
2537
5778
2937
1311
2867
4375
3700
306
5652
3329
6068
5013
2188
1810
5231
370
4394
1793
5761
4195
6041
741
3007
1726
3349
2559
5684
6112
5352
5504
2544
2660
4086
4089
1958
5820
5654
2851
5770
3676
2749
4033
5883
856
2540
2104
4403
723
2389
3081
3395
3048
5209
3080
5854
3456
2775
2192
2230
152
2781
3709
3284
4209
4837
2949
5750
249
2897
3306
2998
2449
2027
4838
5714
3921
2221
1943
2266
3752
2068
2914
5663
1661
2128
2678
4285
6113
924
4589
4706
172
2747
4531
1568
1132
5710
1450
1710
846
2985
4973
3474
1389
5541
1588
5544
3191
1682
3994
5100
5991
5103
6028
2436
2468
2572
16
607
2292
2699
4225
2706
2349
3100
780
4450
292
5650
5743
3760
5307
2726
3746
1064
1573
1149
189
5616
5187
5478
2390
2098
2819
5984
4428
3822
3750
1387
5025
4515
5931
4773
4397
3628
5019
2476
310
3942
3895
3451
841
2137
2691
2473
2962
6054
3929
610
1431
2882
1496
2103
1332
2958
822
2173
1291
5573
917
984
5448
1539
5129
5591
4261
4192
3417
4341
1554
1483
2127
598
2818
1783
3587
5188
4307
2790
1816
3741
1696
2780
4026
5382
2076
5410
5192
5828
5961
2343
280
4162
325
3445
4843
1528
2616
4953
2335
3505
4388
2179
2162
4592
5989
1467
14
3524
1997
999
1390
3799
681
3260
1647
926
5890
1253
3134
3271
4328
2181
1488
1272
587
1031
4887
4730
2190
5582
937
5394
660
5121
1808
1962
229
3105
1655
1948
3237
5742
328
2756
1136
5295
960
4493
5126
1629
5594
4717
3784
1254
1981
1037
3687
5593
793
2049
1129
1838
3021
3512
1693
3342
5625
4841
976
5698
3523
5069
1424
2624
412
2997
6143
6141
4595
1633
1856
5106
3324
631
2274
5522
5123
1837
2952
4682
1371
2649
1623
3597
3893
5773
4576
3572
585
733
4069
5604
3732
5637
5952
3472
320
4488
159
3801
5720
3403
5758
4671
1421
2566
1013
5097
1056
1699
1620
5647
2562
3658
2996
1984
2258
4995
318
5408
1597
4550
4513
2317
530
4633
4681
1069
2551
3193
5608
1464
2978
5032
199
4677
3794
3785
5393
1613
3428
3145
5679
2543
5787
1669
4583
2109
1142
717
4274
813
6030
4775
5461
5154
3526
4848
2055
3405
4291
3371
3226
4769
5083
1591
826
1181
1563
2505
4197
5349
398
2093
3503
4327
178
3898
5898
3044
545
2089
6004
3252
4262
5620
5098
1084
4364
4378
3506
4449
4527
1070
900
5254
3288
1100
952
5474
390
2350
3437
1151
2926
3478
1520
4369
4601
2448
3609
3852
1495
1393
5124
1527
1204
6140
4975
3228
5284
2026
4985
4972
3912
2741
1401
4678
42
4288
5776
1125
405
3463
2158
2535
442
3219
1218
4716
2460
1567
67
1447
2915
4738
4127
4338
5341
3269
4648
4083
3571
6139
3857
5948
6062
3064
4152
6060
4457
2486
5638
4390
4753
2988
2748
3772
5974
674
3556
5430
399
2654
6085
2668
6138
1476
2643
1160
967
1812
4368
5179
2924
4427
2429
3551
5424
4875
849
3062
5913
5517
1322
3911
3285
3690
3467
6023
5986
3053
1973
2123
1908
5331
4271
5495
4860
5555
5549
794
4334
4892
1899
5035
1839
758
1708
2889
2883
4926
785
2371
255
3865
882
5511
1863
2396
571
2208
431
3314
1377
4839
668
6026
2365
4585
1575
4444
1675
2573
1330
3068
4506
1860
5586
1545
4612
4965
3291
3716
4486
4443
5853
5817
652
867
4092
5293
4858
4996
238
4532
5623
4983
5753
2704
5435
2730
6137
1755
498
4524
2588
2683
5002
744
3019
1041
1104
3381
4752
4100
3365
4068
5190
5374
1348
2593
281
4165
5165
4346
4264
5429
4002
4582
2196
2585
4253
4039
4655
3046
3298
2594
969
3990
5727
3045
65
2455
5780
2724
2947
1117
2626
1525
5580
4184
4512
4772
2287
4683
3033
3840
3326
4794
2870
1656
4976
5189
6109
4516
4971
5329
2183
1281
5151
779
4836
4142
2587
1256
3841
1267
1532
2547
2241
765
3919
5257
4561
4942
6090
3042
6012
2895
4572
1315
4834
4221
2794
4966
2567
4940
1801
3127
5888
2803
5493
3677
3208
4330
4922
1701
2106
1936
77
2861
4155
1731
1504
1363
3864
1344
948
3043
2031
3538
4385
3931
4214
3612
2580
3642
3637
2018
4313
2021
3026
2298
4420
5327
1434
4391
847
2086
5631
3038
2495
3309
146
2063
3705
4925
3669
3780
2334
1880
4608
3791
3411
6136
373
6135
2856
805
5037
2119
3275
4969
5946
3035
96
2909
4877
3389
3075
4939
2792
1652
3639
1302
2048
3824
2084
3615
1481
3212
5087
4788
4097
1263
3870
3031
4885
832
1942
2561
74
2556
1705
2970
3302
2935
2013
5712
3680
4229
876
2342
2778
5578
3781
4903
2716
4935
3196
5384
5829
3201
3578
3596
4254
5660
1359
2074
1103
3135
4579
5617
5873
640
3939
3027
1068
2576
4779
1300
294
1327
621
2404
5502
3790
2801
1818
2140
2574
277
4485
2797
4016
1155
1688
3671
5335
4035
1268
2094
5320
1577
1362
5314
5080
132
4439
5297
5354
3683
2360
5347
2890
1589
2682
4290
5896
866
2813
2042
3648
168
1673
4357
2887
3696
2291
3179
3218
3640
4287
2922
5806
4739
829
4635
2837
5294
5858
3963
5839
1866
956
1066
2913
5838
3982
5156
2910
714
1644
116
2046
5311
4342
1865
5144
803
4074
827
2416
1409
888
6036
5253
5256
5902
6039
5272
15
2976
3558
1257
546
4819
3673
4010
5372
3981
2009
1730
2186
4948
1079
2847
3866
5849
2135
2095
5924
2738
4567
2325
1772
3036
1983
4168
5376
4824
4298
3504
2832
4299
24
4048
34
3800
5866
5420
2641
1798
5453
5407
732
5677
881
1388
603
2413
3047
5762
1753
5102
3187
2425
1020
3959
877
1336
2
5655
147
1835
1649
3997
451
1444
2308
3039
1406
4844
3005
1674
1274
4652
5932
3049
4047
3037
1511
5488
753
1805
5110
2664
2214
3051
2475
3052
4902
5274
1978
5473
111
2037
5061
5451
1473
5940
2701
5086
2814
4654
4610
5864
2552
4825
3050
2239
4437
2854
2159
2182
3806
5579
3693
4651
3034
1505
4406
3402
5338
3024
5136
4647
2091
5689
5945
3022
5449
3017
3107
1727
3670
920
5606
2218
5795
5359
6133
3247
1840
1813
2855
1277
4372
4289
1303
4766
4937
3742
5857
4810
885
1686
1544
3015
830
3335
5837
4070
4392
3013
4545
2246
1150
5166
2304
5208
462
2496
4787
5224
4813
4087
5250
4258
5199
4141
3439
995
3769
2286
3684
3006
2810
3344
4376
1355
5114
3815
1376
4809
268
4796
2709
1862
3900
3
519
5260
2437
2082
3430
4122
4088
4236
3727
3003
207
3319
5109
1929
376
2303
4762
2263
2608
1379
1792
922
555
4256
2928
3950
4282
2560
820
5725
4831
2108
3215
4149
5152
1886
2047
938
4559
5596
3672
3325
4153
5333
2131
2228
2370
2687
5964
1418
1822
1448
5630
5262
3464
5587
2542
4099
3837
2485
2921
3244
4029
2305
4992
1405
6057
1926
5339
2307
3548
1950
2061
3352
5469
5585
558
1016
4340
4245
2507
5111
4690
4173
453
2130
1456
1033
3731
6080
3071
2362
4735
1970
6102
3960
4546
3000
1826
5934
2024
5671
3958
5954
1512
2518
164
1927
5089
890
499
1921
5383
4240
3638
2740
1961
978
593
6048
1833
2281
5366
5321
32
2290
4366
4710
408
4181
3679
2590
568
2757
522
4246
106
1831
4991
5612
5881
5929
4237
1971
3808
2607
3308
3393
1679
1930
2977
5076
6121
2372
3560
2017
190
5907
5792
2361
2064
5958
1643
998
2717
2634
2940
5772
1915
5819
901
5827
5075
4472
344
3814
2886
4470
2524
1462
5104
4323
5821
4451
5790
3641
2816
5020
2311
1994
1427
5099
4754
1551
437
3521
5789
1590
5876
5470
1859
2240
1442
4132
203
4094
4283
2525
5193
791
5367
5218
5766
2904
2644
3702
2114
4090
573
1615
5528
5017
685
5468
1210
2120
3879
2129
2498
3093
5067
2433
6134
5184
4380
1024
5610
1639
3991
1617
3591
5030
3483
2999
459
1106
782
4530
1796
3936
5373
3688
4623
5049
479
1600
3588
1604
5141
3143
2929
1135
1735
5041
1540
1137
5227
4
1561
1616
3144
5487
6120
1608
2272
1592
1108
988
4724
1602
6066
3823
5220
1625
3488
3775
4200
5057
5245
1642
4757
1032
5212
1703
3789
3863
2506
5130
1147
5128
472
1690
1799
3889
385
3907
4871
5094
4072
2991
1691
3881
5101
4642
5219
1671
1452
3869
3535
1019
5919
2151
3987
2984
534
1702
4113
4619
740
1559
2692
5526
1193
4659
4128
2169
5467
1596
4050
5525
3163
3855
983
3894
1319
5070
3061
4594
3598
2981
3877
2798
4354
2980
3380
2979
4587
1645
251
5015
2052
1646
4108
3825
3868
4597
799
4630
2113
2116
5851
3149
389
5428
4059
1023
4500
4525
3606
2423
715
4590
5162
3574
4921
5622
5010
5457
5363
2107
4186
4614
2428
4639
787
1627
5289
5039
3473
2968
1414
1628
267
3666
5879
2134
1729
2122
657
1666
2330
4689
5705
4725
1407
5895
1941
3706
1118
3657
5198
1065
4335
5305
1283
1002
2309
2471
5498
5499
2517
2467
2899
2126
895
5278
5956
811
5570
3767
2758
3773
5390
1515
5823
5240
821
1610
3507
3766
6024
3983
1536
2395
3922
3831
1956
3820
450
6132
2414
5751
3311
5479
2689
5055
403
1659
2610
5808
4605
3659
2470
4509
5306
3627
4223
2966
5125
5029
3484
986
1519
980
4628
3833
2367
1053
3763
5546
1215
3804
3971
5872
471
4657
4199
3830
4418
2960
174
3882
3896
1695
578
4667
2167
1177
1222
2963
3891
4646
527
2961
3665
4790
919
5543
430
2838
2083
1765
3400
3999
1051
2586
5233
2237
4160
4842
4205
5561
2399
1085
5178
4853
930
2202
2038
1058
3399
3904
4964
5183
2216
5207
2974
5077
4157
4759
863
1006
4164
4318
2488
4750
569
1694
1664
2620
3871
4708
606
5028
647
2500
1789
2466
3270
5365
5651
5815
2359
1451
5619
4324
2112
5401
2605
2516
4901
3873
3493
5138
4244
1692
763
4317
5508
4687
2809
2878
94
4691
5485
1162
235
4672
4952
2564
4115
4733
1463
4038
601
1712
4415
1724
3501
3993
5709
2944
2250
1757
5316
6131
3077
2943
4868
2942
4712
2941
3099
6130
2577
6129
3816
4040
4803
2932
3103
4713
576
6128
3570
2905
1678
2930
2451
916
4460
1191
6031
5348
3382
5203
4187
4574
5113
4053
4808
2916
1134
4049
4634
2911
5494
1770
4849
1775
4941
1802
6029
5266
4055
5239
6072
2903
309
5229
5221
1192
4172
1198
5280
3112
5155
4696
5564
935
4714
4131
4360
2885
5704
2925
3028
2880
629
4693
5074
1197
679
2881
1677
4946
2041
1157
3320
1143
5533
4626
4349
2846
4276
6127
4673
2875
1873
6126
1742
6125
716
1156
3137
4636
156
1158
1372
6124
1437
6123
275
4702
5191
936
3885
4666
5269
1146
2715
4663
891
1119
4212
1127
3360
5
4300
6
173
1185
1526
910
2613
1187
5137
1172
2712
4955
2138
2982
2768
4625
4104
2536
2352
1115
6079
1123
1609
6122
4124
6119
982
6118
6078
6117
1154
1113
1624
1110
2212
1101
5034
1098
5951
1120
4079
4900
1074
1096
2954
3376
494
1737
3307
5116
245
4829
210
2197
66
1734
501
2918
4027
1014
2615
5597
943
2215
3008
4915
3593
2917
4003
3985
5852
1759
5830
4028
3631
3978
3115
2898
3303
4828
327
2180
1806
5243
701
1040
5008
1780
1631
4116
5676
1803
2318
4093
3949
4727
5286
5291
619
5336
3698
9
4799
1829
497
4204
4931
2877
2697
5643
5565
5282
2896
3573
1763
4749
1285
10
3614
5657
531
5353
1329
1847
3498
5317
482
4227
5681
1855
4179
4238
1550
5680
4419
5696
5697
2865
5066
4239
2675
4783
2090
923
958
5356
3562
12
2645
3867
3189
1878
1386
2316
3829
2320
400
1893
1417
1130
1487
2874
2853
1271
5632
3181
566
4764
3744
3608
4720
4519
5512
1869
3613
5728
5351
4734
20
4755
2229
1234
549
2866
3847
3576
2057
1241
2868
4731
3594
2863
1542
2864
1266
6116
4325
2862
3846
6115
3874
6114
540
4722
1571
6110
3655
2857
1576
6108
1099
6107
78
5117
5764
2852
928
1139
401
1912
356
