deepmatcher_structured_itunes_amazon
207
66
204
10
288
309
29
235
316
7
222
170
0
159
108
155
160
2
171
24
320
72
125
241
129
111
15
114
263
162
55
214
82
110
31
98
89
166
315
126
285
100
57
158
127
169
186
99
121
256
314
53
236
261
70
296
130
107
218
13
117
19
220
86
119
140
193
244
122
131
123
81
242
178
90
176
293
97
112
278
135
279
232
96
292
84
78
149
251
246
165
182
305
102
137
168
106
185
18
132
167
188
180
273
274
80
307
150
163
191
87
54
105
271
33
192
249
310
287
225
92
301
219
175
91
173
68
23
118
34
36
139
154
35
174
298
177
37
239
297
172
42
138
282
300
46
152
268
299
48
1
253
3
62
179
243
4
69
151
238
184
77
164
231
187
83
45
217
189
181
229
205
183
258
161
200
157
113
190
248
156
294
319
260
148
58
318
153
147
5
6
289
8
60
9
74
11
64
12
313
14
195
16
141
17
128
20
311
21
27
22
257
25
210
26
254
28
317
30
312
32
308
38
306
39
304
40
252
41
303
43
302
44
295
47
291
49
199
50
290
51
286
52
284
56
283
59
281
