,f1,precision,recall,times
0,0.8253968253968254,0.7222222222222222,0.9629629629629629,0.0
1,0.8064516129032259,0.7142857142857143,0.9259259259259259,0.1969304084777832
2,0.8307692307692308,0.7105263157894737,1.0,0.2022395133972168
3,0.8307692307692308,0.7105263157894737,1.0,0.20475316047668457
4,0.8571428571428571,0.75,1.0,0.20575308799743652
5,0.8571428571428571,0.75,1.0,0.19639062881469727
6,0.870967741935484,0.7714285714285715,1.0,0.20009875297546387
7,0.870967741935484,0.7714285714285715,1.0,0.19315433502197266
8,0.9,0.8181818181818182,1.0,0.2058548927307129
9,0.8666666666666665,0.7878787878787878,0.9629629629629629,0.19623827934265137
10,0.8813559322033898,0.8125,0.9629629629629629,0.212263822555542
11,0.8813559322033898,0.8125,0.9629629629629629,0.19257640838623047
12,0.8813559322033898,0.8125,0.9629629629629629,0.20820403099060059
13,0.8813559322033898,0.8125,0.9629629629629629,0.2059803009033203
14,0.8813559322033898,0.8125,0.9629629629629629,0.20821285247802734
15,0.896551724137931,0.8387096774193549,0.9629629629629629,0.19284772872924805
16,0.896551724137931,0.8387096774193549,0.9629629629629629,0.20074725151062012
17,0.896551724137931,0.8387096774193549,0.9629629629629629,0.1925520896911621
18,0.896551724137931,0.8387096774193549,0.9629629629629629,0.20283150672912598
19,0.896551724137931,0.8387096774193549,0.9629629629629629,0.19323229789733887
20,0.896551724137931,0.8387096774193549,0.9629629629629629,0.2048017978668213
21,0.8813559322033898,0.8125,0.9629629629629629,0.19182395935058594
22,0.896551724137931,0.8387096774193549,0.9629629629629629,0.20633459091186523
23,0.896551724137931,0.8387096774193549,0.9629629629629629,0.20687150955200195
24,0.8813559322033898,0.8125,0.9629629629629629,0.20912837982177734
25,0.8813559322033898,0.8125,0.9629629629629629,0.21426153182983398
26,0.8813559322033898,0.8125,0.9629629629629629,0.20365405082702637
27,0.8813559322033898,0.8125,0.9629629629629629,0.19140362739562988
28,0.8813559322033898,0.8125,0.9629629629629629,0.20458292961120605
29,0.8813559322033898,0.8125,0.9629629629629629,0.19740080833435059
30,0.896551724137931,0.8387096774193549,0.9629629629629629,0.2186579704284668
31,0.8813559322033898,0.8125,0.9629629629629629,0.19301128387451172
32,0.8813559322033898,0.8125,0.9629629629629629,0.21852684020996094
33,0.8813559322033898,0.8125,0.9629629629629629,0.1901082992553711
34,0.8813559322033898,0.8125,0.9629629629629629,0.20421719551086426
35,0.8813559322033898,0.8125,0.9629629629629629,0.19381284713745117
36,0.896551724137931,0.8387096774193549,0.9629629629629629,0.2005014419555664
37,0.8813559322033898,0.8125,0.9629629629629629,0.19408535957336426
38,0.896551724137931,0.8387096774193549,0.9629629629629629,0.19843435287475586
39,0.896551724137931,0.8387096774193549,0.9629629629629629,0.19594836235046387
40,0.896551724137931,0.8387096774193549,0.9629629629629629,0.2107257843017578
41,0.896551724137931,0.8387096774193549,0.9629629629629629,0.19359874725341797
42,0.896551724137931,0.8387096774193549,0.9629629629629629,0.22727274894714355
43,0.896551724137931,0.8387096774193549,0.9629629629629629,0.20532464981079102
44,0.896551724137931,0.8387096774193549,0.9629629629629629,0.20857667922973633
45,0.896551724137931,0.8387096774193549,0.9629629629629629,0.193162202835083
46,0.896551724137931,0.8387096774193549,0.9629629629629629,0.20428466796875
47,0.896551724137931,0.8387096774193549,0.9629629629629629,0.19345569610595703
48,0.896551724137931,0.8387096774193549,0.9629629629629629,0.20221924781799316
49,0.896551724137931,0.8387096774193549,0.9629629629629629,0.19748926162719727
50,0.8813559322033898,0.8125,0.9629629629629629,0.2107856273651123
51,0.896551724137931,0.8387096774193549,0.9629629629629629,0.18795108795166016
52,0.896551724137931,0.8387096774193549,0.9629629629629629,0.22135090827941895
53,0.8813559322033898,0.8125,0.9629629629629629,0.18737435340881348
54,0.8813559322033898,0.8125,0.9629629629629629,0.20116090774536133
55,0.8666666666666665,0.7878787878787878,0.9629629629629629,0.19080138206481934
56,0.8666666666666665,0.7878787878787878,0.9629629629629629,0.19759249687194824
57,0.896551724137931,0.8387096774193549,0.9629629629629629,0.1987607479095459
58,0.896551724137931,0.8387096774193549,0.9629629629629629,0.19313406944274902
59,0.896551724137931,0.8387096774193549,0.9629629629629629,0.19841861724853516
60,0.896551724137931,0.8387096774193549,0.9629629629629629,0.19348859786987305
61,0.896551724137931,0.8387096774193549,0.9629629629629629,0.20311498641967773
62,0.896551724137931,0.8387096774193549,0.9629629629629629,0.20394659042358398
63,0.896551724137931,0.8387096774193549,0.9629629629629629,0.19713449478149414
64,0.896551724137931,0.8387096774193549,0.9629629629629629,0.19143986701965332
65,0.896551724137931,0.8387096774193549,0.9629629629629629,0.19779276847839355
66,0.896551724137931,0.8387096774193549,0.9629629629629629,0.19690179824829102
67,0.8813559322033898,0.8125,0.9629629629629629,0.19995594024658203
68,0.896551724137931,0.8387096774193549,0.9629629629629629,0.19840383529663086
69,0.896551724137931,0.8387096774193549,0.9629629629629629,0.2018909454345703
70,0.896551724137931,0.8387096774193549,0.9629629629629629,0.20579004287719727
71,0.896551724137931,0.8387096774193549,0.9629629629629629,0.20092296600341797
72,0.896551724137931,0.8387096774193549,0.9629629629629629,0.19484257698059082
73,0.896551724137931,0.8387096774193549,0.9629629629629629,0.20180606842041016
74,0.896551724137931,0.8387096774193549,0.9629629629629629,0.19501495361328125
75,0.896551724137931,0.8387096774193549,0.9629629629629629,0.19731950759887695
76,0.896551724137931,0.8387096774193549,0.9629629629629629,0.18994688987731934
77,0.896551724137931,0.8387096774193549,0.9629629629629629,0.1974649429321289
78,0.896551724137931,0.8387096774193549,0.9629629629629629,0.0
