deepmatcher_structured_amazon_google
2687
2973
552
2292
2339
838
1188
5025
5194
381
1350
6788
5665
30
6761
6871
3252
1684
3589
2274
1719
5612
1897
6847
4149
4129
1643
6146
5556
2824
2998
3125
1320
4772
3944
4550
3373
2136
130
5103
5622
1063
3112
1138
6372
5221
4847
6475
5983
1965
2361
1262
4262
4387
1547
4243
5619
182
4801
1143
5268
6115
4096
5857
983
3939
5460
6026
4976
864
4039
1686
2750
4050
6309
1178
5289
5146
1363
6587
488
1658
4505
5649
0
2432
2320
6178
3419
5285
3846
5219
4824
3269
1959
6338
1441
6338
1308
1384
2239
2083
3437
3379
4660
2826
1292
6269
1676
5977
4221
2005
4819
2249
1631
3424
2597
4805
3621
6619
954
5899
2771
5899
4764
3790
797
893
2881
2869
1877
1856
1763
5134
2783
3830
1806
3629
1820
4479
1903
1236
4957
1005
4936
2851
4900
5409
4725
5409
1041
4777
503
4777
5137
5683
2551
4748
5100
1536
4522
2672
1
4213
2
1827
1008
1758
3442
5905
2122
2215
5110
4829
3494
1925
2379
1793
2908
2479
6873
2354
2860
3260
3
3663
6009
6452
3445
1433
6659
2707
4
4162
5420
2507
5182
6270
2788
877
3431
2139
5732
3625
4991
569
795
2616
3670
5874
6614
3546
4525
1607
3513
492
6093
3816
5454
4842
5370
4816
2764
2299
3747
2581
6323
4620
2832
945
4985
6185
2615
5643
5
2279
5310
2279
3438
2813
1936
3705
1722
153
6631
2515
4493
2948
4449
5400
5581
1115
435
4735
2840
5661
1759
6733
2534
333
4202
5256
4908
3011
3462
1053
1418
2807
82
3317
5227
3271
5366
4696
5369
6088
3212
5819
5625
1991
2048
2926
5206
3137
3025
4121
4477
723
6651
3300
4138
1578
5045
6865
2762
1270
833
2766
6408
5405
2324
3916
5249
4288
2326
3496
6024
1329
6541
6334
6138
3359
5050
3553
5458
6819
6496
3056
5541
5475
3702
5280
2785
683
1858
5728
5327
3751
884
1108
5331
6326
5734
6049
2781
3633
1469
4327
2737
5015
5913
6057
5380
3156
1729
2206
2627
3610
1830
1699
2727
5293
3684
5772
6291
2283
5855
2376
3624
6005
3997
332
5005
4855
2710
6728
5215
625
825
4747
4391
3523
459
3582
3850
4820
1876
5716
3427
1679
1628
4885
5481
3937
441
59
2664
1814
5833
4929
5955
779
4380
260
2645
3272
4198
5548
6192
5287
4353
6860
2997
4869
1694
13
3581
5820
2988
5824
3692
4553
874
5058
5306
6720
2843
5835
5181
1775
6393
2144
6015
5307
1412
671
2621
5686
1010
3538
6003
4557
6793
2961
3911
5675
139
3953
5828
4727
3561
2626
1130
3467
1515
81
2370
4545
6095
5862
3399
2769
1201
4621
5160
4743
2837
3865
2405
1713
713
5069
2335
2258
4212
1422
5344
537
3675
5991
3168
1586
5228
704
2586
169
221
5600
3566
2633
239
2317
4888
5880
5785
3524
2573
1312
411
1297
6147
2887
4462
2253
2604
2822
4159
71
2696
3949
1843
6441
6378
4980
6853
424
5826
5125
690
5471
6388
2775
5710
189
6247
4999
669
1871
1832
5507
1502
2768
5582
1153
6625
6715
3946
6395
5156
5348
4142
6348
3118
859
5309
2530
716
955
3783
3330
452
4060
3775
1622
5078
3801
3423
384
4132
568
2082
5312
6834
3296
4042
4489
162
2246
4073
187
318
1937
5517
6353
1498
4429
2022
4731
858
2799
3507
4740
6031
2855
5468
306
4961
881
5503
3183
2996
1842
2003
3434
6435
3016
2046
5644
2182
3021
1998
6535
1724
2170
4133
5849
6494
5695
6288
5414
5709
3587
2217
2100
902
2852
2141
5061
4017
6424
2207
5604
5498
4916
2195
3204
2572
2140
2371
3295
4708
6838
5908
2532
5829
3844
1346
5736
5477
2971
6534
6501
5004
2323
4276
5884
1033
4337
3425
2373
1860
6287
4445
2999
6139
2929
6028
1243
1390
3495
2016
5615
914
6791
2422
247
3141
2290
1727
1909
1359
5199
4812
6365
2965
6255
2081
1455
5301
6382
4642
3132
6158
4376
4420
912
6210
2765
5390
621
4762
451
3760
3170
1915
6405
3862
6598
2949
206
1899
5091
3191
6528
4844
4125
1096
1450
3454
1912
546
1912
1972
1920
2028
1920
4316
4737
3756
2275
1563
2733
2131
6476
2199
6713
4310
5848
4653
5848
2793
1260
2155
6268
5933
67
4378
341
2092
2924
6547
2924
1841
6673
5843
2574
2817
27
6046
27
4736
672
4108
672
5733
3451
4919
3451
2293
227
2167
4467
1800
6390
5652
6390
4983
4323
2261
6087
4407
616
1387
1284
2387
588
4423
2667
5666
6337
5220
3683
4185
5318
1604
4964
1588
252
2179
5873
5900
46
5567
3909
6196
6557
5760
2102
5247
2338
2883
4880
5941
6112
4457
2097
4582
3872
4760
3872
4834
2347
5193
3003
2392
3958
118
3958
1365
2478
1698
2478
5407
6081
2357
555
1014
555
5402
2830
2284
3270
3537
4565
2779
5564
1840
5413
2634
4667
1733
5704
4650
3093
3053
3835
4433
688
5337
3447
2161
3218
1368
5529
2866
3350
4458
5592
6065
5592
1574
4926
6053
1371
4704
4663
4752
4187
5771
200
1555
2251
5951
6513
4299
5427
2703
5536
5939
535
4314
766
3026
3580
3071
1890
2238
3636
1025
2072
4482
188
2147
572
2019
597
4835
495
5694
5852
4794
4499
1794
4432
3326
4432
3415
6362
2355
977
5328
3101
5938
3029
2862
4274
1641
4274
4394
2556
5737
6224
2790
4470
5214
4648
2057
135
5588
3503
4619
5926
3644
6479
3412
3171
2078
6592
5987
5719
3411
376
5735
4345
6296
1512
3975
6719
3408
5587
3837
5587
2039
1894
3080
1519
6014
5744
3807
689
3380
3914
1634
5382
4595
4697
1896
1034
1449
1210
5935
5224
1974
4769
5877
4659
4118
4889
3406
6760
5714
3370
2020
2127
1268
2713
5515
4022
5723
2782
6583
2782
3745
3439
3781
3439
5347
1028
6111
5519
6109
4884
4335
2137
6106
3428
3401
5234
6301
1593
5679
3393
4958
1594
1331
5799
6152
1798
6563
6409
6204
1728
3440
3397
6070
3357
5518
2227
5743
4802
3396
1875
5560
4431
2715
5411
1421
92
3324
1190
2527
5258
5359
4867
5978
5294
2528
2222
4973
4739
2550
2282
2592
5999
5718
4110
2598
5379
2500
3404
6133
1192
3696
5922
1436
5385
2468
1344
5896
5651
5856
3502
5120
1731
5082
1957
2902
2502
2578
1882
2623
5916
2596
2106
6330
5533
5008
5399
2492
3100
1473
6251
5035
6017
4554
1123
5624
3378
4963
6351
3730
4860
1828
2021
5470
4544
5808
1322
4117
4910
5403
1715
3929
3757
4960
6319
3388
6698
5593
199
4030
3054
1960
3983
5534
4371
6096
5616
5486
6008
3384
6755
4303
4161
3382
4461
2153
4542
5640
3545
3857
1717
5504
3562
1958
6635
4089
1953
1864
1066
5573
5563
4223
1124
2023
516
5739
516
4193
1394
5546
1967
5863
1386
933
4608
5549
403
168
403
1867
6032
782
6032
5846
6198
5478
4592
3344
6801
2010
5763
5670
4792
3375
3820
4137
1517
4152
5336
2038
1251
1789
4806
3869
981
5449
49
1442
1078
1211
751
5308
1487
3578
175
5497
3631
4174
2704
1245
1089
5558
5697
1437
5232
3883
4156
1712
6262
5277
1718
3885
5098
1709
105
3912
876
3936
6743
3199
2272
2044
2689
3020
6836
3878
5973
5975
1027
2682
1868
1757
5678
4004
4971
5149
5658
5164
2759
4879
6567
5962
3088
5138
5912
5133
2076
5153
6611
957
2501
1669
361
5551
2164
5606
5398
6529
5707
2035
5417
2080
2428
5433
532
1068
458
3808
6116
6292
4244
3647
5467
2854
4083
4956
749
5064
4010
1207
4010
3124
2297
1486
1223
1508
1836
3131
3259
5147
1348
3500
2172
3142
1503
1518
622
2575
3849
970
5118
5789
5073
5801
3001
5066
1587
3116
3598
1482
1764
5363
1844
4333
6459
2892
3211
2743
6593
5169
3499
2864
2740
4011
5441
5485
383
3147
6830
2625
5479
3153
6298
5834
6385
2196
1986
3139
5998
3138
4080
1523
5764
5117
2260
5111
1225
1228
2941
2173
5949
2052
1109
1589
6582
1730
110
1743
2484
5749
6360
1336
6256
2834
5081
5500
5124
2577
3113
1103
4569
4040
6485
1072
2841
1995
5372
6058
493
1187
4326
3491
1496
5656
1962
2134
1029
5376
1640
5378
5837
6169
4135
3479
1584
1339
6600
1119
1120
6126
499
5374
4236
2752
4047
1174
236
2138
1700
1821
3873
1837
2867
4023
2412
2818
6676
5396
3008
5033
2413
4720
3855
3880
6221
3567
3588
2811
5866
3543
1535
3155
3280
5251
6644
2049
2882
896
1551
1656
6379
1399
2907
4464
1687
5229
3583
3511
1681
1670
1203
5197
4203
1659
299
5019
6410
5299
2599
1675
3812
3867
111
5803
855
4570
855
3592
2165
5295
6591
5049
379
1471
6824
3160
2993
5065
1635
3099
2400
5430
4483
1611
3162
2995
6189
3193
3033
5079
127
1155
6151
5016
2928
5052
2669
898
3452
3092
1446
6041
3394
5039
3595
2482
5960
5934
3799
2060
2526
2198
3064
5142
4085
6117
2388
3074
791
3864
6412
2231
3935
2600
3831
6055
5542
3360
3482
2037
160
2520
6222
2014
4559
4927
5990
3966
1885
1905
2252
6007
5425
5415
5970
5265
2360
5298
3460
1739
4035
4271
5865
3019
2143
2464
1189
3273
5170
1703
3356
1924
3127
2483
5931
4826
4670
1914
5464
4000
3549
3203
756
5508
2897
3945
2265
1872
4206
5521
827
3999
325
5491
3622
3676
3648
2496
4723
6239
4147
1895
4247
2298
4247
1632
5448
3345
5845
5342
6514
6136
3152
6153
2560
3680
6499
5944
436
4803
4279
1507
696
5994
4952
2522
5891
5602
848
3281
2549
4809
967
4579
1918
6211
2922
4521
4599
4581
2459
5800
4253
1530
6193
3232
146
4251
4488
5311
4590
3367
4269
6444
4259
5208
5721
5166
2374
3691
3111
3973
2442
3661
5712
4331
4191
3362
1160
4580
4341
3223
2776
5691
4298
3695
3526
3358
3569
3355
3658
3354
3473
5132
4229
1680
432
3209
2031
4875
6230
5148
4921
1898
2693
942
1870
3045
2091
2957
2012
4232
4681
6248
5767
4943
2606
2045
5917
6094
941
4024
3776
1127
1683
3823
5114
3476
1069
6075
6502
3851
4071
4500
4071
1113
2755
6392
1051
3774
1638
2040
1382
4945
6030
1570
5673
2183
3200
974
4222
4668
808
2105
911
5626
15
879
4754
3043
4630
3490
5038
984
3951
4623
4641
908
5488
3902
4351
4935
3845
6274
6473
2685
1782
5225
2493
6154
2622
205
2622
5674
5259
3585
3416
3347
5565
1234
2608
5324
5805
872
6320
3098
5924
3114
4548
3069
4564
5057
6823
2121
326
2609
4043
1209
2108
4848
261
1708
261
4825
5213
3486
1150
3915
1721
2512
982
4828
3576
3527
517
1642
3121
5654
237
6443
3115
5668
3533
1850
6559
5576
1240
3441
6684
3346
3400
1993
1529
1393
1017
3886
2384
1114
1488
5088
486
5106
5044
1614
3627
6261
6672
1786
5158
5233
20
1575
5317
2456
1919
5798
4444
2307
2390
5389
4912
1579
4197
2787
6532
3035
5321
2589
1971
2450
2219
1416
6052
5584
3094
5143
5136
4988
5236
3263
5758
5947
3894
5595
6429
3342
4436
4507
6010
1420
5791
1083
2564
6131
2872
1330
1550
5422
611
1976
4518
4061
653
5639
4765
3834
4624
2201
805
2160
6488
3918
1726
3603
2681
3172
271
5812
2210
4861
5945
2380
3733
4837
2485
1111
5047
5992
6657
4627
527
4656
2243
4633
4025
3339
4596
3338
6243
3337
1247
907
3487
1956
5971
4575
4576
3336
607
2120
6539
2962
1429
4249
1429
1157
1829
6145
770
6234
3299
6384
1596
6056
1335
920
355
2698
1788
3809
5056
2692
6242
3768
1098
6016
2591
6223
4396
4868
1090
4745
1935
6552
3148
4454
4190
5646
2613
2844
2613
2611
1432
6264
2895
5662
6712
2628
1848
5394
4547
2601
1938
4874
1266
3076
4455
1401
757
3601
3650
4194
1677
2632
6680
1159
3590
2142
1219
6237
4324
2342
4498
2495
1337
4289
1968
3724
2362
2203
1696
3943
3792
5040
4439
4293
4852
4947
1537
3216
4886
2630
4001
6553
5377
4851
2939
4538
4130
1866
470
4846
2382
3340
3422
865
1086
6300
3720
3335
6249
3334
477
844
759
5145
5013
6127
6658
1928
529
6415
117
3294
409
6511
1566
3977
2475
6482
2408
5303
3274
4480
3274
2714
5535
6162
5988
4883
388
6347
6214
938
2794
5492
5613
1305
1874
6253
5362
2884
4789
4389
6218
3331
3770
2375
99
4144
1863
4160
5167
2077
6294
3995
5352
3328
2079
1668
550
3194
1674
6789
1963
5174
3640
2992
3993
4395
554
4330
4109
3013
3719
5937
190
1599
2836
5773
4074
6328
4447
5028
2189
3327
931
2086
6386
6160
5782
3325
113
4382
2568
1911
1666
4399
4527
1823
494
5701
2489
4334
4315
1011
514
5986
1629
4438
1214
5240
3551
5455
3795
5097
739
3978
1926
4997
1454
4181
3848
1619
5927
6181
5927
5431
857
1177
5898
2135
2319
3989
219
4962
4774
2732
3343
3623
922
3322
2071
2724
2772
6293
4052
1419
6077
5185
1805
2746
3448
2797
2825
1255
5335
2449
813
1576
3174
2877
4954
1031
2804
6433
3612
2655
4833
6250
5384
4260
1980
5904
2383
1623
100
6455
5746
3544
4981
5596
6418
4151
5869
5620
307
703
28
2113
4688
3107
3167
6642
6540
5637
959
2128
1685
4448
431
4094
6580
3991
3532
3058
4437
1711
3833
5681
5356
3320
3038
4791
5112
4798
4365
3318
3584
1049
1545
3319
4733
6430
4845
3744
4788
1004
3901
1018
4020
2267
4374
2271
3942
4856
1767
2270
5071
998
5823
1000
3575
5127
5788
3313
434
4782
4173
3312
4056
4358
1692
4170
638
4240
1768
1438
2301
6027
330
2731
5029
5154
107
3227
971
4097
1428
2119
447
2461
449
673
4360
1215
2953
5257
4409
3731
4226
5271
2660
1060
1855
2930
5752
2212
4057
5024
3081
3197
639
1468
2947
5810
173
5238
6366
5286
2266
1556
1964
2523
571
4514
6481
2665
2917
1265
3463
1286
5502
6263
1513
4729
4839
1884
6554
1057
2415
2330
1328
2504
5989
4932
4344
5851
856
6422
2011
1771
5270
5547
2099
5528
5976
3843
6648
1540
2333
6213
985
5889
643
1987
886
4286
3784
4281
4689
1835
771
2064
2125
2286
491
4383
4103
5523
2024
5130
2529
868
58
2642
1332
2756
3971
6202
809
6183
6279
3060
1477
4366
246
5761
5577
1351
6402
1135
3073
2535
2972
2322
4906
2481
6322
4831
2499
1710
3169
3023
4685
4066
3488
1030
2107
5383
5628
2842
4771
4065
1735
6142
4724
6020
11
3976
3552
2888
3829
6061
798
2977
55
2304
4267
4037
4530
3405
5985
3674
5985
1273
6345
3786
2849
6105
5778
3956
4390
4700
3095
5121
3221
6295
6450
1580
4062
1354
4617
2967
2423
1527
274
5179
6312
6493
1825
6038
3497
6577
3635
987
3723
3157
3959
972
776
6467
3047
6426
3032
2497
2991
5601
4854
2663
2255
4907
1199
4355
1199
6069
6078
2936
4494
6477
3920
6505
5839
3314
95
926
714
5196
3678
4603
4718
2910
106
785
4473
4644
694
5248
1112
708
5956
5086
3225
2236
6741
6208
1397
6318
4873
1311
6358
5489
3050
4676
3048
758
996
5140
3449
2237
1054
4313
3333
1955
1929
2805
748
6209
482
3028
3255
3504
2694
2336
159
3052
6350
1360
3948
4904
4241
6203
5212
6206
6305
5943
5119
1276
5446
5870
6275
4019
1900
1817
5887
2868
6469
6227
6708
5189
980
1633
4849
4662
500
1122
6217
3309
5393
4776
65
3548
6006
6438
3410
4631
5844
3305
5076
2394
2798
3306
1648
2398
6721
6726
1389
2833
1067
1277
3804
2944
1902
4401
5192
4013
3859
1716
715
1790
623
5598
2979
2780
5006
4078
163
1609
6397
5878
5275
1792
6121
1040
6646
3308
677
6872
453
4412
1345
1504
3988
4134
4417
2638
5157
1310
3106
6307
558
680
2393
6285
754
2605
3030
1294
6669
5850
6744
5144
2675
2226
3787
6310
2684
5879
213
2448
2547
3520
3908
6507
3866
1689
2377
3927
6002
6359
2129
4540
5472
3123
3565
6509
3498
2235
6569
2894
4836
1281
2241
6817
4604
4827
698
2911
2661
2898
3413
4543
6696
2065
1232
6578
6156
1859
1003
6533
4982
1878
935
5007
6478
4224
6336
2946
2351
3981
843
2084
1655
5699
305
4531
3070
3759
6802
6543
1378
5818
1182
4953
3896
6134
1185
3568
6753
3302
2254
2631
3027
3304
4768
4199
5638
2875
4666
4863
2562
854
992
2774
615
917
4307
5607
1161
2919
4541
3514
4233
5663
4122
2095
2389
1315
1175
6419
545
4131
1020
4534
1865
1881
2177
5779
2624
3689
5473
2945
4673
4987
3742
2126
2115
6191
3619
6074
2777
2548
2029
2879
2440
6491
3609
6574
1445
3673
120
6609
6751
4294
4504
2828
994
5757
789
6400
5401
5452
1949
4256
6640
2858
5830
6595
2314
1301
2914
484
2914
2711
5434
2848
1466
4682
1747
661
3682
1385
1355
1945
1809
3066
6835
2443
543
6232
3994
1624
1571
2983
1094
5183
1740
3315
6012
3165
1531
6641
3780
3077
6314
3506
6792
5511
3917
710
6851
1474
5554
1032
161
2171
3097
1009
1549
6447
5611
5000
2708
4216
5323
1627
826
4402
1288
4120
664
1299
2200
6503
6086
6114
2712
3158
1007
6470
3493
1128
2760
3206
3229
6768
2857
1415
1357
5210
5942
3241
5909
4029
861
5906
706
4995
717
2452
2221
5940
3518
2455
5881
5583
2705
768
995
2457
5387
4510
2178
2281
656
2656
61
5571
6518
1738
4167
2650
37
5631
5175
6257
149
2025
6225
3890
3694
1136
1145
2819
2191
2846
5597
2649
1464
3750
1847
6718
4317
2654
6827
4905
1749
6141
2963
2994
3051
5936
88
4751
3611
2223
1105
2795
2749
5742
4434
2937
6190
5885
5641
2745
358
2920
255
4756
4647
2658
2571
4721
2159
2287
4343
6421
6670
2311
3042
6785
4864
4838
2145
2927
94
6207
2543
2970
6711
6440
709
6628
1754
2004
5343
5315
3738
6272
5815
2980
6454
1636
4322
1104
5568
676
595
3858
2117
5953
2480
2808
3117
685
979
5283
4758
3240
5776
6371
2835
5747
2421
7
1226
1701
4485
1316
233
1092
1451
2873
5748
1777
2104
5012
5861
6638
5883
2353
6325
2519
3525
5526
4476
8
4338
3414
2856
5462
1403
2719
5787
6621
1667
4944
4329
986
5245
6756
4536
657
5023
4491
2090
4680
5618
3899
2465
6484
429
2593
6510
6693
22
6564
6370
2943
1559
2931
3726
4989
6498
2916
3483
6079
3075
2701
5750
3329
5783
6355
3727
3321
1744
5487
790
4172
5002
6739
3827
5438
892
2636
266
2635
6200
6389
3238
5424
2738
3234
2557
3472
4741
1647
6571
6186
346
6480
3361
5961
3891
4114
5539
3046
767
646
850
6194
2602
3257
6076
5708
5346
2981
772
993
1807
5650
5020
4978
2047
2074
2469
5617
4099
4472
909
4804
4064
5575
1480
6374
2810
4283
5176
6315
1910
1043
6453
2847
1456
2831
3387
5672
4195
5610
2193
1152
155
4713
4799
5322
4248
6188
6411
682
6172
6396
674
5255
5982
1732
2618
6399
6462
4887
1367
6284
1811
2168
4277
5222
6797
6226
1417
4450
353
4076
69
960
1447
1095
5717
5279
5262
775
3882
5246
1646
3228
2410
3377
2277
5198
1984
1366
753
6240
5796
4265
1081
5177
3793
4574
515
2073
258
2429
6090
5304
5605
6167
1861
2026
4381
4254
6515
3293
133
3481
4558
5243
4252
6299
999
4744
76
4234
5046
3290
5365
4738
1220
2990
4890
3522
3365
3288
4969
2673
2730
2646
3307
1107
5386
6273
681
6308
899
4781
5291
6333
2180
6575
730
2211
4186
6036
4810
2474
315
1167
4413
4549
6544
6166
5821
3285
414
3009
6216
3022
3755
4694
1427
6082
4208
4404
1298
4459
3444
5527
4328
3000
3214
814
3161
5388
2742
2542
4306
2829
6490
2156
3531
4679
3677
3283
1706
1802
860
4813
5254
1117
5525
6278
5952
1156
1500
5313
2758
6201
524
6039
4639
3536
3540
1520
1291
2978
1591
6746
4605
4184
2467
647
6144
1139
1166
4398
1414
1146
4901
4410
652
2112
4597
5780
3332
3651
3630
4749
1042
4105
3282
5443
288
4347
6215
1857
6868
2202
1405
921
6558
1463
2880
2477
6434
5703
1289
2487
4610
3521
5437
2332
3821
2508
4067
6339
4373
3555
5026
5350
5412
3275
469
4441
1304
6570
2262
2462
5314
5907
202
4081
2982
6596
91
5781
1663
5218
4728
3268
2680
1880
1338
752
2717
1543
5690
3654
6762
3277
1981
5093
3570
3681
3037
5930
6474
5893
1343
3267
1082
4492
4332
3266
5068
5770
1652
1158
5135
5914
6164
2257
4687
4356
2770
3235
134
4362
2017
4418
6618
1168
3453
2904
3145
3012
1019
1212
944
6101
6850
3571
5775
1116
3613
4296
2544
6354
6281
6445
6417
4779
6663
3261
4442
3258
6624
3256
5578
3254
3049
2686
5325
6612
6701
3253
4923
3669
5813
3250
2256
4532
2620
3251
3728
5804
4496
6537
4876
3247
5915
3040
741
6316
6098
3574
2454
1073
1269
3014
1691
6536
4148
3248
3863
2228
3243
711
192
3501
5155
2617
270
5419
2513
1756
407
1093
5278
4146
835
6050
1257
1741
3934
2209
87
678
802
2061
3931
6523
6729
5037
5831
5867
4800
1110
1969
1526
1444
658
2802
4503
287
3130
5659
1176
2814
1907
3928
4350
6812
5030
4321
4941
4228
2741
6463
956
5741
4397
3618
3852
6033
6363
2175
2940
2435
6601
1193
3177
490
2773
5339
6329
4268
6021
319
6023
1913
3591
1564
6380
3436
6119
6
9
3970
4416
5797
3246
129
4430
4481
5048
6047
4053
398
732
3706
764
2569
1088
1922
5102
1916
2285
3782
10
300
2524
2735
5623
4406
2538
4426
5647
3389
1573
6414
6066
2815
3607
3905
5923
6674
2583
6508
6691
2116
1497
6436
4177
4291
6235
5152
3239
2321
2748
4823
6089
6446
3237
5165
5354
2552
4811
3596
3233
5290
4408
170
2088
280
2935
3889
6427
6376
3067
4865
635
6265
1887
6373
1891
5202
4589
4063
4790
5667
2736
6442
1195
2923
3230
4613
6497
1015
964
123
1381
883
2619
2690
1970
3395
3737
3906
1815
171
788
4490
6451
1493
3800
4305
3044
4183
735
4601
705
5897
719
369
2329
4793
4858
6148
3693
6062
3687
1562
1923
969
5501
150
4586
3363
6566
6391
2363
4600
5964
5067
3224
4501
3508
5928
3220
3836
3372
3992
2666
2433
6034
5705
1954
172
1975
311
5027
5062
1510
6630
6449
1672
5632
2964
5128
2553
2346
564
6542
2331
2563
1039
4677
4937
6182
4478
3645
6437
4918
4556
3707
5981
3213
6271
6632
5557
6143
1046
4126
1553
4635
6725
3207
2697
4561
5300
5882
345
5963
2554
