deepmatcher_structured_dblp_acm
360
779
1198
4013
5261
4196
6821
1393
324
309
2040
6783
0
3
3110
5552
7416
5
5863
980
3721
11
4067
1380
3714
14
6556
2436
3716
16
993
3030
3719
19
6244
6550
3717
21
690
3790
3718
24
4663
2871
7415
26
4385
3547
3715
27
3178
2354
7414
34
2093
4498
7413
36
4463
7255
3641
38
4268
269
3618
39
244
3176
3722
46
2186
1307
3723
48
3566
5185
3679
2615
165
254
3727
7197
166
367
7364
7026
3282
3905
2977
1862
6204
3341
3650
876
5130
6031
6994
4347
6848
7211
7298
4423
7175
4411
3653
6745
3292
1559
7311
3685
6912
5724
3688
1906
4773
5252
3712
3169
3796
6502
3668
6346
2826
941
3682
472
4311
4692
3677
4624
5313
2851
6861
3291
7092
613
2979
4997
1151
3186
3515
6396
5562
2406
7041
6863
5712
4445
7125
3047
1002
760
2605
1267
2194
5711
3489
3532
1545
4842
2506
2020
6542
5433
3442
1138
214
5256
3542
1294
320
6412
3730
3663
1868
7223
3731
7150
7412
4080
7411
1148
2414
3896
3484
1660
2277
5188
3370
7127
3665
3431
3732
2279
704
2366
3487
3836
6926
724
3479
5608
7073
5684
3483
809
2503
2365
3735
52
3733
1125
3734
5866
6353
3939
3240
3309
3131
7282
7286
7227
5823
4035
3553
5446
3581
117
3737
3587
5559
5537
3528
6008
20
1322
3738
1203
3888
6483
7203
6962
4708
2711
3534
3751
6489
4247
3729
2621
6751
7037
3521
5165
4667
3933
3529
5474
2660
6052
3518
6855
7107
5905
3583
4416
1650
4586
3591
999
4502
499
3624
3460
2988
5235
3742
2947
3880
5481
3336
5652
6446
3470
3384
218
954
4335
3743
6422
1237
6133
3451
5466
6589
6329
6753
3701
1452
2876
3728
3076
1457
2800
3289
833
6101
1124
3287
311
6471
5468
6570
248
5969
6152
6149
7054
5096
158
3400
6649
1074
5266
3439
4987
3692
1356
3494
3765
785
2643
3740
4051
1033
3498
3342
5061
1900
799
3745
3725
4076
1215
3317
6452
589
863
6213
53
5386
7376
6958
58
2449
7371
3598
59
1566
7369
6529
61
846
7365
2718
76
771
7362
3572
105
891
7359
3615
108
2712
7355
3749
118
3074
7352
3750
124
5084
7344
3634
125
4707
7340
3640
128
3013
7325
3755
138
341
7319
3756
147
4569
7313
3748
149
6136
7310
3545
152
4120
7309
3538
153
1655
7300
3533
157
5729
7299
3549
163
3867
7296
7156
167
2161
7295
3620
173
7171
7289
3655
187
2236
7278
3758
191
2990
7269
7239
197
3890
7262
3306
202
3419
7256
5515
204
1740
7251
6722
216
4792
7246
3337
219
1
7245
2910
225
7237
7242
2892
226
6548
7214
5851
228
1723
7213
2875
232
3747
7208
3760
233
3965
7207
2950
242
3166
7206
3761
251
1401
7189
3762
279
6180
7186
2986
283
5368
7182
2999
286
6456
7181
3000
288
1986
7179
3763
297
4209
7166
3004
298
819
7164
3764
319
2603
7154
3767
321
5384
7146
2
332
544
7144
4
334
5955
7140
6
339
7410
7136
7
344
2367
7134
8
355
7174
7131
9
363
2524
7124
10
373
673
7123
12
377
2696
7117
13
381
2841
7112
15
383
832
7111
17
401
5075
7105
18
403
2732
7096
22
411
5001
7094
23
412
353
7091
25
413
2971
7086
3778
417
4114
7081
3777
421
6643
7075
3776
423
2549
7072
3780
425
6699
7053
3775
426
6622
7051
3774
430
5935
7036
3773
432
2054
7035
7409
433
7008
7032
7408
436
627
7027
7407
439
2940
7023
7406
441
3920
7015
3770
443
7071
7007
7405
460
855
7000
7404
461
2976
6996
7403
465
7089
6991
3768
484
1604
6979
28
485
2131
6971
7402
495
3269
6967
7401
498
6207
6961
7400
502
299
6959
7399
505
6779
6942
3759
509
840
6940
3769
510
5476
6936
3757
527
922
6934
7398
539
4412
6932
3746
542
5587
6924
7397
545
207
6921
7396
547
1608
6919
7395
548
4830
6911
3736
550
2253
6904
7394
551
946
6896
7393
554
660
6890
7392
562
5801
6889
3726
565
1089
6886
7391
571
7385
6884
3713
573
2413
6881
7390
575
6897
6880
7389
576
6803
6878
3710
579
3214
6875
7388
593
686
6873
7387
595
2508
6858
7386
596
5486
6853
3708
600
221
6850
3711
603
2511
6830
7384
607
2391
6824
3744
610
7012
6823
3707
614
4770
6818
3706
615
29
6815
30
617
2957
6807
31
622
6053
6794
32
630
1016
6787
33
631
6319
6782
35
632
278
6774
37
643
1367
6771
40
645
5772
6769
41
649
7172
6766
42
650
6070
6765
43
655
5827
6764
44
657
7334
6761
45
666
5518
6758
47
671
6169
6755
49
681
4305
6743
50
684
6843
6738
3784
688
4308
6734
3783
699
290
6733
3785
712
1898
6731
51
714
6224
6729
54
720
1954
6724
55
721
448
6723
56
723
1382
6719
3789
751
6735
6712
3788
753
1497
6711
57
754
4955
6702
60
758
2673
6692
62
763
4939
6687
63
765
1717
6679
64
773
4919
6674
65
777
7080
6667
66
784
99
6665
67
791
3911
6661
68
795
1992
6660
69
802
442
6655
70
803
2033
6651
71
805
6659
6648
72
812
4137
6646
73
814
6132
6644
74
816
1020
6642
7209
820
4425
6640
3801
821
1062
6638
3493
823
4126
6637
7201
824
4733
6634
3800
825
6690
6632
3798
828
2057
6627
3471
831
3316
6624
3804
841
7383
6623
7382
848
2622
6615
7381
852
5345
6609
3797
858
1666
6598
7380
861
285
6585
7379
862
3921
6583
3794
865
6385
6576
3793
871
141
6566
3802
878
1433
6564
3805
880
4917
6563
3791
885
5332
6560
3787
907
7235
6554
3786
914
6849
6549
3782
916
6950
6544
3781
917
4529
6537
3772
924
3175
6536
3807
938
350
6527
3808
942
6017
6526
3705
943
7113
6525
75
945
6042
6521
77
947
4608
6516
78
948
1963
6515
79
949
781
6511
80
951
4985
6479
81
952
6296
6478
82
955
4464
6466
83
958
6203
6454
84
959
1189
6450
85
982
5382
6449
86
992
6214
6438
87
995
3100
6437
88
1001
741
6436
89
1005
2653
6435
90
1018
1372
6433
91
1025
3575
6429
92
1029
851
6424
93
1039
3657
6423
94
1042
236
6411
95
1056
1653
6404
96
1065
5319
6388
3821
1070
97
6384
98
1071
842
6381
100
1077
2418
6377
101
1087
1245
6376
102
1100
1507
6373
103
1106
1690
6372
104
1114
2398
6369
106
1115
5100
6356
107
1116
2145
6354
109
1131
1638
6344
110
1134
3106
6337
111
1137
716
6334
112
1158
6834
6333
113
1164
1580
6332
114
1165
6498
6331
115
1173
2472
6330
116
1174
6310
6328
119
1176
1882
6316
120
1177
1750
6315
121
1180
1985
6314
122
1186
4276
6307
123
1194
1805
6305
126
1196
1533
6303
127
1201
994
6293
129
1210
304
6286
130
1211
2097
6284
131
1212
2249
6283
132
1222
4706
6281
133
1224
4330
6280
134
1229
2272
6270
135
1239
1200
6268
136
1252
3414
6260
137
1253
4383
6259
139
1259
7002
6258
140
1266
6860
6256
142
1268
2325
6245
143
1273
1343
6237
144
1293
7378
6228
145
1295
6453
6225
146
1301
6653
6223
148
1303
5323
6216
150
1314
3123
6215
151
1323
5601
6212
154
1329
2504
6201
155
1331
7377
6197
156
1347
7375
6196
159
1349
7374
6191
160
1359
925
6187
161
1361
1796
6178
162
1368
6828
6174
164
1373
612
6172
168
1377
3678
6167
169
1378
7373
6160
170
1388
7372
6148
171
1391
7370
6127
172
1403
866
6119
174
1409
7229
6117
175
1421
4194
6111
176
1424
6581
6109
177
1429
2334
6107
178
1430
190
6104
179
1440
7368
6102
180
1456
7367
6096
181
1461
7366
6092
182
1462
7363
6089
183
1463
7361
6079
184
1465
7360
6076
185
1470
7358
6069
186
1486
5232
6068
188
1487
7357
6065
189
1496
7356
6063
192
1503
7354
6056
193
1505
4186
6051
194
1506
7353
6048
195
1508
7351
6035
196
1511
7350
6027
198
1517
7349
6026
199
1518
7348
6023
200
1531
7347
6020
201
1537
7346
6013
203
1538
7345
6010
205
1539
7343
6007
206
1549
7342
6006
208
1551
7341
6005
209
1552
7339
5992
210
1568
7338
5990
211
1574
7337
5989
212
1578
7336
5986
213
1579
4269
5982
215
1591
4299
5981
217
1597
7335
5975
220
1598
7333
5968
222
1603
7332
5961
223
1606
7331
5960
224
1609
7330
5953
227
1610
1351
5952
229
1617
7329
5951
230
1620
7328
5949
231
1626
7327
5946
234
1630
7326
5943
235
1639
7324
5938
237
1644
7323
5932
238
1646
7322
5930
239
1647
7321
5925
240
1651
7320
5920
241
1658
7318
5916
243
1662
7317
5910
245
1663
7316
5906
246
1672
7315
5896
247
1675
7314
5877
249
1681
7312
5874
250
1701
7308
5873
252
1703
7307
5865
253
1710
7306
5861
255
1712
7305
5860
256
1730
7304
5853
257
1733
7303
5847
258
1744
7302
5845
259
1749
7301
5838
260
1752
7297
5836
261
1753
7294
5825
262
1754
7293
5817
263
1762
7292
5808
264
1766
7291
5806
265
1774
7290
5803
266
1780
7288
5799
267
1782
7287
5798
268
1785
7285
5795
270
1790
7284
5770
271
1791
7283
5766
272
1797
7281
5758
273
1808
7280
5750
274
1812
7279
5737
275
1814
7277
5735
276
1815
7276
5730
277
1822
7275
5725
280
1826
7274
5722
281
1828
7273
5717
282
1831
7272
5715
284
1835
7271
5713
287
1845
7270
5694
289
1852
5210
5692
291
1855
3450
5686
292
1856
7268
5676
293
1861
7267
5664
294
1875
7266
5656
295
1904
6442
5638
296
1911
7265
5630
300
1917
7264
5621
301
1918
6795
5607
302
1927
7263
5596
303
1932
7261
5592
305
1937
7260
5586
306
1940
7259
5574
307
1944
7258
5568
308
1947
7257
5567
310
1950
7254
5566
312
1952
7253
5558
313
1955
7252
5543
314
1966
7250
5533
315
1967
7249
5531
316
1973
7248
5508
317
1974
7247
5507
318
1976
7244
5499
322
1995
7243
5490
323
1997
7241
5484
325
2017
7240
5482
326
2031
7238
5477
327
2034
7236
5467
328
2037
7234
5461
329
2039
7233
5456
330
2064
7232
5455
331
2069
7231
5445
333
2073
7230
5437
335
2074
7228
5436
336
2078
7226
5434
337
2083
7225
5431
338
2087
7224
5427
340
2088
7222
5422
342
2090
7221
5419
343
2095
731
5415
345
2102
7220
5408
346
2112
7219
5407
347
2118
7218
5403
348
2133
7217
5391
349
2135
7216
5388
351
2138
7215
5372
352
2141
7212
5369
354
2146
7210
5364
356
2173
7205
5363
357
2179
7204
5355
358
2181
7202
5346
359
2193
7200
5338
361
2196
7199
5335
362
2221
7198
5331
364
2222
5186
5322
365
2225
7196
5318
366
2226
7195
5317
368
2230
7194
5310
369
2231
7193
5307
370
2232
7192
5304
371
2256
7191
5295
372
2263
7190
5290
374
2268
7188
5287
375
2290
7187
5277
376
2293
7185
5276
378
2298
7184
5260
379
2303
7183
5259
380
2305
7180
5251
382
2320
7178
5245
384
2323
7177
5233
385
2331
7176
5222
386
2340
7173
5219
387
2345
7170
5206
388
2347
7169
5204
389
2351
7168
5203
390
2352
7167
5182
391
2356
7165
5176
392
2357
3011
5166
393
2359
6301
5155
394
2362
2637
5153
395
2364
6999
5150
396
2370
6684
5146
397
2375
7061
5145
398
2378
6841
5126
399
2379
1879
5122
400
2385
3006
5119
402
2387
6262
5113
404
2389
5748
5106
405
2403
2834
5105
406
2407
3391
5097
407
2410
4621
5085
408
2411
1341
5079
3874
2419
2424
5076
3875
2428
1738
5072
409
2431
3094
5067
410
2443
463
5066
414
2445
4327
5060
415
2457
2210
5056
416
2459
989
5055
418
2460
5653
5050
419
2463
5193
5041
420
2469
4089
5035
422
2475
6872
5033
424
2482
592
5032
427
2487
4301
5016
428
2489
4477
5010
429
2497
4731
5004
431
2501
4577
5002
434
2512
3271
4993
435
2521
2558
4989
437
2523
3481
4978
438
2546
5740
4974
440
2551
2669
4973
444
2555
6257
4952
445
2556
3202
4951
446
2561
3997
4950
447
2580
6217
4936
449
2584
1290
4932
450
2586
1291
4924
451
2589
5859
4915
452
2591
4695
4914
453
2596
3877
4911
454
2597
740
4904
455
2600
4085
4901
456
2602
636
4899
457
2604
3099
4890
458
2607
1423
4875
459
2626
6348
4867
462
2629
4896
4863
464
2658
2720
4857
466
2666
4130
4856
467
2670
6156
4833
468
2678
3433
4832
469
2680
1154
4829
470
2682
5872
4828
471
2697
503
4823
473
2698
3156
4822
474
2703
5998
4814
475
2707
5891
4809
476
2709
5238
4801
477
2719
5215
4800
478
2725
1360
4799
479
2743
3579
4794
480
2747
6294
4785
481
2748
5995
4778
482
2761
5996
4776
483
2764
672
4768
486
2767
1320
4762
487
2768
5618
4744
488
2770
2527
4743
489
2774
1585
4737
490
2783
1484
4736
491
2791
5615
4732
492
2801
4441
4727
493
2802
4421
4712
494
2806
4566
4704
496
2809
936
4697
497
2814
4243
4694
500
2815
6044
4689
501
2817
4183
4683
504
2819
7070
4677
506
2827
3399
4676
507
2835
7163
4666
508
2842
7162
4660
511
2857
7161
4654
512
2860
7160
4651
513
2863
7159
4649
514
2884
7158
4647
515
2890
7157
4646
516
2891
7155
4644
517
2895
7153
4640
518
2900
7152
4635
519
2903
7151
4634
520
2905
7149
4626
521
2909
7148
4625
522
2913
651
4613
523
2914
7147
4612
524
2918
7145
4597
525
2927
7143
4594
526
2928
7142
4592
528
2937
7141
4579
529
2939
7139
4560
530
2952
7138
4553
531
2960
7137
4548
532
2967
7135
4541
533
2972
7133
4530
534
2980
7132
4522
535
2982
7130
4513
536
2987
7129
4507
537
2997
7128
4500
538
3008
7126
4491
540
3010
7122
4487
541
3017
7121
4485
543
3018
7120
4484
546
3026
7119
4456
549
3029
7118
4453
552
3035
7116
4450
553
3039
7115
4449
555
3042
7114
4440
556
3043
7110
4438
557
3045
7109
4437
558
3046
7108
4431
559
3058
7106
4430
560
3065
7104
4420
561
3069
7103
4413
563
3073
7102
4410
564
3080
7101
4407
566
3092
7100
4403
567
3093
7099
4401
568
3097
7098
4394
569
3098
7097
4391
570
3103
7095
4390
572
3105
7093
4377
574
3114
3834
4367
577
3117
7090
4365
578
3118
7088
4353
580
3122
7087
4351
581
3125
7085
4345
582
3132
6606
4340
583
3138
4945
4333
584
3147
7084
4314
585
3148
7083
4302
586
3149
7082
4298
587
3151
7079
4296
588
3153
7078
4292
590
3158
7077
4290
591
3163
7076
4283
594
3174
7074
4281
597
3179
7069
4265
598
3181
7068
4264
599
3191
7067
4261
601
3193
7066
4258
602
3194
7065
4250
604
3199
7064
4246
605
3200
7063
4240
606
3212
7062
4238
608
3234
3015
4236
609
3244
7060
4234
611
3246
7059
4233
616
3253
7058
4228
618
3255
7057
4227
619
3260
7056
4224
620
3262
7055
4220
621
3264
7052
4219
623
3275
7050
4215
624
3276
5376
4211
625
3284
7049
4210
626
3286
7048
4207
628
3294
4946
4201
629
3302
6748
4187
633
3314
5094
4185
634
3320
3472
4181
635
3324
5263
4172
637
3343
892
4162
638
3344
2211
4155
639
3346
3643
4144
640
3348
2299
4127
641
3351
1208
4122
642
3353
5005
4117
644
3355
1500
4112
646
3388
6617
4110
647
3396
2688
4108
648
3398
2291
4095
652
3403
5021
4087
653
3409
3635
4081
654
3421
5886
4074
656
3429
1611
4073
658
3430
1308
4066
659
3438
2448
4057
661
3444
4184
4053
662
3459
1908
4050
663
3464
3426
4040
664
3469
2681
4038
665
3485
6953
4028
667
3486
2601
4019
668
3491
4091
4010
669
3492
7019
4009
670
3501
1076
4008
674
3504
749
4004
675
3511
2995
4003
676
3512
3830
4002
677
3513
1628
3988
678
3519
1684
3975
679
3522
7047
3970
680
3523
7046
3969
682
3540
7045
3962
683
3550
7044
3958
685
3554
7043
3957
687
3559
7042
3941
689
3561
7040
3938
691
3564
7039
3937
692
3568
7038
3924
693
3570
7034
3897
694
3574
7033
3892
695
3578
7031
3873
696
3589
7030
3857
697
3590
7029
3852
698
3593
7028
3848
700
3605
7025
3831
701
3609
7024
3816
702
3617
1874
3806
703
3631
3221
3803
705
3633
956
3799
706
3642
3817
3795
707
3644
7022
3792
708
3646
7021
3779
709
3664
7020
3771
710
3669
1838
3766
711
3671
5048
3754
713
3672
6844
3753
715
3674
7018
3752
717
3681
7017
3741
718
3684
7016
3739
719
3687
7014
3724
722
3690
7013
3720
725
3691
7011
3709
726
3696
7010
3702
727
7009
728
7006
729
7005
730
7004
732
7003
733
7001
734
6998
735
6997
736
6995
737
6993
738
6992
739
6990
742
6989
743
6988
744
6987
745
6986
746
6985
747
6984
748
6603
750
6983
752
6982
755
6981
756
6980
757
6978
759
6977
761
6976
762
6975
764
4058
766
6974
767
6973
768
6972
769
6970
770
1112
772
6969
774
6968
775
6966
776
6965
778
6964
780
6963
782
6960
783
2742
786
1523
787
4874
788
4007
789
2788
790
6887
792
1802
793
1233
794
3651
796
1576
797
1339
798
2010
800
879
801
6538
804
3413
806
6024
807
1512
808
6865
810
2862
811
4913
813
5137
815
2481
817
4071
818
2717
822
2199
826
6003
827
3698
829
5510
830
2965
834
3195
835
2130
836
6206
837
4895
838
4561
839
6664
843
1849
844
6725
845
2509
847
3050
849
1783
850
3377
853
5226
854
2894
856
6812
857
6480
859
4030
860
6126
864
2803
867
1097
868
1369
869
5068
870
6772
872
1225
873
6190
874
4165
875
2259
877
1804
881
3902
882
2465
883
4853
884
4691
886
1891
887
4632
888
5199
889
3068
890
1004
893
6876
894
962
895
2739
896
4782
897
3477
898
3828
899
1777
900
5919
901
5231
902
5698
903
1060
904
1652
905
5452
906
1867
908
3152
909
1311
910
3861
911
1708
912
1535
913
3258
915
6406
918
6553
919
1930
920
3185
921
5209
923
6715
926
1049
927
2044
928
5603
929
1896
930
3531
931
2985
932
6727
933
6417
934
2282
935
1872
937
4570
939
1207
940
6504
944
4140
950
4018
953
6957
957
5110
960
2966
961
6956
963
6955
964
6954
965
6952
966
6951
967
6949
968
6948
969
6947
970
6946
971
6945
972
6944
973
6943
974
6941
975
6939
976
6938
977
6937
978
6935
979
6933
981
6931
983
6930
984
6929
985
6928
986
6927
987
6925
988
6923
990
6922
991
6920
996
6918
997
6917
998
6916
1000
6915
1003
6914
1006
6913
1007
6910
1008
6909
1009
6908
1010
6907
1011
6906
1012
6905
1013
6903
1014
6902
1015
6901
1017
6900
1019
6899
1021
6898
1022
6895
1023
6894
1024
6893
1026
6892
1027
6891
1028
6888
1030
6885
1031
6883
1032
6882
1034
6879
1035
6877
1036
6874
1037
6871
1038
6870
1040
6869
1041
6868
1043
6867
1044
6866
1045
6864
1046
6862
1047
6859
1048
6857
1050
6856
1051
6854
1052
6852
1053
6851
1054
6847
1055
6846
1057
6845
1058
6842
1059
6840
1061
6839
1063
2396
1064
6838
1066
6837
1067
6836
1068
6835
1069
6833
1072
6832
1073
6831
1075
6829
1078
6827
1079
6826
1080
6825
1081
6822
1082
6820
1083
6819
1084
6817
1085
4555
1086
6816
1088
6814
1090
6813
1091
6811
1092
6810
1093
6809
1094
6808
1095
6806
1096
6805
1098
6804
1099
6802
1101
6801
1102
6800
1103
6799
1104
6798
1105
1613
1107
6797
1108
6796
1109
6793
1110
6792
1111
6791
1113
6790
1117
6789
1118
6788
1119
6786
1120
6785
1121
6784
1122
6781
1123
6780
1126
6778
1127
6777
1128
6776
1129
6775
1130
6773
1132
6770
1133
6768
1135
6767
1136
6763
1139
6762
1140
6760
1141
6759
1142
6757
1143
6756
1144
6754
1145
6752
1146
6750
1147
6749
1149
6747
1150
6746
1152
6744
1153
6742
1155
4414
1156
3616
1157
4967
1159
3283
1160
1779
1161
1687
1162
5785
1163
5509
1166
1479
1167
4266
1168
6269
1169
6226
1170
3436
1171
5736
1172
2619
1175
4739
1178
5718
1179
2404
1181
1444
1182
3278
1183
1601
1184
3985
1185
5693
1187
4848
1188
4270
1190
5011
1191
2612
1192
5973
1193
3061
1195
3514
1197
6741
1199
6740
1202
6739
1204
6737
1205
3822
1206
6736
1209
3127
1213
4198
1214
6732
1216
6730
1217
6728
1218
6726
1219
6721
1220
6720
1221
6718
1223
6717
1226
6716
1227
6714
1228
6713
1230
6710
1231
6709
1232
6708
1234
6707
1235
2495
1236
6706
1238
6705
1240
1786
1241
1589
1242
6704
1243
6703
1244
6701
1246
6700
1247
6698
1248
6697
1249
6696
1250
6695
1251
6694
1254
6693
1255
6691
1256
4168
1257
6689
1258
6688
1260
6686
1261
6685
1262
6683
1263
6682
1264
6681
1265
6680
1269
6678
1270
6677
1271
6676
1272
6675
1274
6673
1275
6672
1276
6671
1277
6670
1278
6669
1279
6668
1280
6666
1281
6663
1282
6662
1283
6658
1284
6657
1285
6656
1286
6654
1287
6652
1288
6650
1289
6647
1292
6645
1296
6641
1297
6639
1298
6636
1299
6635
1300
6633
1302
6631
1304
6630
1305
6629
1306
6628
1309
6626
1310
6625
1312
6621
1313
6620
1315
6619
1316
6618
1317
6616
1318
6614
1319
6613
1321
6612
1324
6611
1325
6610
1326
6608
1327
6607
1328
6605
1330
6604
1332
6602
1333
6601
1334
6600
1335
6599
1336
6597
1337
6596
1338
6595
1340
6594
1342
6593
1344
6592
1345
6591
1346
6590
1348
6588
1350
6587
1352
6586
1353
6584
1354
6582
1355
6580
1357
6579
1358
6578
1362
6577
1363
6575
1364
6574
1365
6573
1366
6572
1370
6571
1371
6569
1374
6568
1375
6567
1376
6565
1379
6562
1381
6561
1383
6559
1384
6558
1385
6557
1386
6555
1387
6552
1389
6551
1390
6547
1392
6546
1394
6545
1395
6543
1396
6541
1397
6540
1398
6539
1399
6535
1400
6534
1402
6533
1404
6532
1405
6531
1406
6530
1407
6528
1408
6524
1410
6523
1411
6522
1412
6520
1413
6519
1414
6518
1415
6517
1416
4994
1417
6514
1418
6513
1419
6512
1420
6510
1422
6509
1425
6508
1426
6507
1427
6506
1428
6505
1431
6503
1432
6501
1434
6500
1435
6499
1436
6497
1437
6496
1438
6495
1439
6494
1441
6493
1442
6492
1443
6491
1445
6490
1446
6488
1447
6487
1448
6486
1449
6485
1450
6484
1451
6482
1453
6481
1454
6477
1455
6476
1458
6475
1459
6474
1460
6473
1464
6472
1466
6470
1467
6469
1468
6468
1469
6467
1471
6465
1472
6464
1473
6463
1474
6462
1475
6461
1476
6460
1477
6459
1478
6458
1480
6457
1481
6455
1482
6451
1483
6448
1485
6447
1488
6445
1489
6444
1490
6443
1491
6441
1492
6440
1493
6439
1494
6434
1495
6432
1498
6431
1499
6430
1501
6428
1502
6427
1504
6426
1509
6425
1510
6421
1513
6420
1514
6419
1515
6418
1516
6416
1519
6415
1520
6414
1521
6413
1522
6410
1524
6409
1525
6408
1526
6407
1527
6405
1528
6403
1529
6402
1530
6401
1532
6400
1534
6399
1536
6398
1540
6397
1541
6395
1542
6394
1543
3585
1544
6393
1546
6392
1547
6391
1548
6390
1550
6389
1553
6387
1554
6386
1555
6383
1556
6382
1557
6380
1558
1761
1560
6186
1561
3622
1562
3660
1563
1888
1564
4433
1565
2628
1567
5213
1569
5682
1570
4540
1571
3928
1572
6254
1573
1575
1577
2530
1581
1649
1582
3457
1583
3250
1584
2304
1586
1656
1587
6061
1588
3654
1590
3075
1592
1600
1593
3936
1594
2699
1595
1979
1596
5496
1599
4909
1602
5965
1605
2382
1607
4157
1612
6379
1614
6378
1615
6375
1616
6374
1618
6371
1619
6370
1621
6368
1622
6367
1623
6366
1624
6365
1625
6364
1627
6363
1629
6362
1631
6361
1632
6360
1633
6359
1634
6358
1635
6357
1636
6355
1637
2484
1640
6352
1641
6351
1642
6350
1643
6349
1645
6347
1648
6345
1654
6343
1657
6342
1659
6341
1661
6340
1664
6339
1665
6338
1667
6336
1668
6335
1669
6327
1670
6326
1671
6325
1673
6324
1674
6323
1676
6322
1677
6321
1678
6320
1679
6318
1680
6317
1682
6313
1683
6312
1685
6311
1686
6309
1688
6308
1689
6306
1691
6304
1692
6302
1693
6300
1694
6299
1695
6298
1696
6297
1697
6295
1698
6292
1699
6291
1700
6290
1702
6289
1704
6288
1705
6287
1706
6285
1707
6282
1709
6279
1711
6278
1713
6277
1714
6276
1715
6275
1716
6274
1718
6273
1719
6272
1720
2062
1721
6271
1722
6267
1724
6266
1725
6265
1726
6264
1727
6263
1728
6261
1729
6255
1731
6253
1732
6252
1734
6251
1735
6250
1736
6249
1737
6248
1739
6247
1741
6246
1742
6243
1743
6242
1745
6241
1746
6240
1747
6239
1748
6238
1751
6236
1755
6235
1756
6234
1757
6233
1758
6232
1759
6231
1760
6230
1763
4636
1764
6229
1765
6227
1767
6222
1768
6221
1769
6220
1770
6219
1771
6218
1772
6211
1773
6210
1775
6209
1776
6208
1778
6205
1781
6202
1784
6200
1787
6199
1788
6198
1789
6195
1792
6194
1793
6193
1794
6192
1795
6189
1798
6188
1799
6185
1800
6184
1801
6183
1803
6182
1806
6181
1807
6179
1809
6177
1810
6176
1811
6175
1813
6173
1816
6171
1817
6170
1818
6168
1819
6166
1820
6165
1821
6164
1823
6163
1824
6162
1825
6161
1827
6159
1829
6158
1830
6157
1832
6155
1833
6154
1834
6153
1836
6151
1837
6150
1839
6147
1840
6146
1841
6145
1842
6144
1843
6143
1844
6142
1846
6141
1847
6140
1848
6139
1850
6138
1851
6137
1853
6135
1854
6134
1857
6131
1858
6130
1859
6129
1860
6128
1863
6125
1864
6124
1865
6123
1866
6122
1869
6121
1870
6120
1871
6118
1873
6116
1876
6115
1877
6114
1878
6113
1880
6112
1881
6110
1883
6108
1884
4639
1885
6106
1886
6105
1887
6103
1889
6100
1890
6099
1892
6098
1893
6097
1894
6095
1895
6094
1897
6093
1899
6091
1901
6090
1902
6088
1903
6087
1905
6086
1907
6085
1909
6084
1910
6083
1912
6082
1913
6081
1914
6080
1915
6078
1916
3371
1919
6077
1920
6075
1921
6074
1922
6073
1923
6072
1924
6071
1925
6067
1926
6066
1928
6064
1929
6062
1931
6060
1933
6059
1934
6058
1935
6057
1936
6055
1938
6054
1939
6050
1941
6049
1942
6047
1943
6046
1945
6045
1946
6043
1948
6041
1949
6040
1951
6039
1953
4949
1956
6038
1957
6037
1958
6036
1959
6034
1960
6033
1961
6032
1962
6030
1964
6029
1965
6028
1968
6025
1969
6022
1970
6021
1971
6019
1972
6018
1975
6016
1977
6015
1978
6014
1980
6012
1981
6011
1982
6009
1983
6004
1984
6002
1987
6001
1988
6000
1989
5999
1990
5997
1991
5994
1993
5993
1994
5991
1996
5988
1998
5987
1999
5985
2000
5984
2001
5983
2002
5980
2003
5979
2004
5978
2005
5977
2006
5976
2007
5974
2008
5972
2009
5971
2011
5970
2012
5967
2013
5966
2014
5964
2015
5963
2016
5962
2018
5959
2019
5958
2021
5957
2022
5956
2023
5954
2024
5950
2025
5948
2026
5947
2027
5945
2028
5944
2029
5942
2030
5941
2032
5940
2035
5939
2036
5937
2038
5936
2041
5934
2042
5933
2043
5931
2045
5929
2046
5928
2047
5927
2048
5926
2049
5924
2050
5923
2051
5922
2052
5921
2053
5918
2055
5917
2056
5915
2058
5914
2059
5913
2060
5912
2061
5911
2063
5909
2065
5908
2066
5907
2067
5904
2068
5903
2070
5902
2071
5901
2072
5900
2075
5899
2076
5898
2077
5897
2079
5895
2080
5894
2081
5893
2082
5892
2084
5890
2085
5889
2086
5888
2089
5887
2091
5885
2092
5884
2094
5883
2096
5882
2098
5881
2099
5880
2100
5879
2101
5878
2103
5876
2104
5875
2105
5871
2106
5870
2107
5869
2108
5868
2109
5867
2110
5864
2111
3548
2113
5862
2114
5858
2115
5857
2116
5856
2117
5855
2119
5854
2120
5852
2121
5850
2122
5849
2123
5848
2124
5846
2125
5844
2126
5843
2127
5842
2128
5841
2129
5840
2132
5839
2134
5837
2136
5835
2137
5834
2139
5833
2140
5832
2142
5831
2143
5830
2144
5829
2147
5828
2148
5826
2149
5824
2150
5822
2151
5821
2152
5820
2153
5819
2154
5818
2155
5816
2156
5815
2157
5814
2158
5813
2159
5812
2160
5811
2162
5810
2163
5809
2164
5807
2165
5805
2166
5804
2167
5802
2168
5800
2169
5797
2170
5796
2171
5794
2172
5793
2174
5792
2175
5791
2176
5790
2177
5789
2178
5788
2180
5787
2182
5786
2183
5784
2184
5783
2185
5782
2187
5781
2188
5780
2189
5779
2190
5778
2191
5777
2192
5776
2195
5775
2197
5774
2198
5773
2200
5771
2201
5769
2202
5768
2203
5767
2204
5765
2205
5764
2206
5763
2207
5762
2208
5761
2209
5760
2212
5759
2213
5757
2214
5756
2215
5755
2216
5754
2217
5753
2218
5752
2219
5751
2220
5749
2223
5747
2224
5746
2227
5745
2228
5744
2229
5743
2233
5742
2234
5741
2235
5739
2237
5738
2238
5734
2239
5733
2240
5732
2241
5731
2242
5728
2243
5727
2244
5726
2245
5723
2246
5721
2247
5720
2248
5719
2250
5716
2251
5714
2252
5710
2254
5709
2255
5708
2257
5707
2258
5706
2260
5705
2261
5704
2262
5703
2264
5702
2265
5701
2266
5700
2267
5699
2269
5697
2270
5696
2271
5695
2273
5691
2274
5690
2275
5689
2276
5688
2278
5687
2280
5685
2281
5683
2283
5681
2284
5680
2285
5679
2286
5678
2287
5677
2288
5675
2289
5674
2292
5673
2294
5672
2295
5671
2296
5670
2297
5669
2300
5668
2301
5667
2302
5666
2306
5665
2307
5663
2308
5662
2309
5661
2310
5660
2311
5659
2312
5658
2313
5657
2314
5655
2315
5654
2316
5651
2317
5650
