deepmatcher_structured_dblp_google_scholar
7259
4281
5263
9862
13793
2086
6191
9434
15849
5002
8916
1370
0
1
9430
969
3
8478
15248
13791
4
8419
16820
3175
5
8397
1852
16869
6
2
2667
14543
8657
9
6971
11949
8648
12
3734
14196
8659
17
12086
15984
8652
8458
13022
15955
8643
17221
3878
16193
17222
17216
11472
9368
6245
8466
6460
15678
6260
17215
7285
12362
8646
7239
9049
13287
8647
5301
9342
8785
7523
6553
9630
16412
8251
15554
11751
13733
17220
5034
13861
8357
17219
8966
8905
2025
6771
3441
883
11347
7652
8445
11966
14588
8641
12244
1208
2988
13394
5030
12279
5455
15799
2205
9808
5260
6461
10152
16606
15855
8636
1832
11814
8459
8637
10072
12566
14026
8634
8482
3125
578
8635
12702
2408
5473
16008
6579
11413
3289
12644
9940
2314
9756
8639
8612
270
4220
15782
10047
6437
15368
14177
12457
14137
14766
5578
16332
12633
3101
14057
15215
3488
966
5863
2583
11386
2194
4397
13192
13852
2587
15625
11699
339
1207
13673
10389
11636
4731
10105
8201
8670
6079
8259
9603
7028
16985
13362
3622
526
2346
13857
10993
17132
15599
15483
16940
4703
4630
5350
15968
15692
13823
6976
7204
7867
4759
7908
3214
10888
870
4916
5756
332
10044
7385
10896
13627
7974
5675
16810
5891
17051
4672
16590
6247
11914
11456
4522
16788
5273
7260
5285
14965
7079
12977
12466
8623
13991
7149
17073
12477
10878
13265
2195
15623
8611
4881
6706
2034
7483
12121
14878
16516
11332
4942
15572
2072
961
4565
6903
11813
10418
6440
892
6375
14869
5507
4542
16612
8642
4738
10010
16999
24
13521
7406
9369
16196
5871
15657
12449
10293
5678
11488
8540
8738
13588
14629
4758
10066
12044
10642
211
5173
12560
6473
8725
15904
11490
979
7637
14559
12455
7898
2607
14237
10186
4797
8395
5491
6556
11633
5335
6926
10322
10313
15659
15640
15647
14363
368
7309
7137
3824
11186
10671
8339
4509
3933
15234
5379
9392
60
282
4661
1934
7999
14886
5253
8037
4950
16036
5269
15541
8578
10097
8663
10552
3020
2647
15393
6166
14224
9121
7442
11102
7909
10751
11809
7172
15989
4000
12269
11685
13873
3685
6872
8868
6991
2466
11419
12768
2056
14316
13994
10650
8994
11550
15677
14330
10126
325
5864
7573
11390
5797
14105
10033
16981
13748
7323
6000
10241
10481
5244
9380
2577
16005
13198
6083
6205
1293
14044
3374
3674
677
6066
13762
6494
9422
15029
3467
4192
5810
6204
7855
3852
14071
14492
9577
8385
10944
12083
2410
2463
704
13357
762
5168
14505
12969
3876
14019
15275
6203
17177
8156
6754
7473
12778
8644
2165
14223
4862
509
11705
11974
15257
10376
9582
6329
6048
15501
11239
7208
16086
3461
944
6176
14065
1407
5125
12205
6614
2515
2954
14259
13649
2794
14342
15497
17078
8617
3143
7241
14160
11280
2218
7749
2452
14637
7969
13806
9978
6093
15773
14645
2106
6841
16506
5537
3721
4365
8062
10774
14768
8309
12070
15265
14541
498
16051
4964
7456
4990
10586
11659
1470
9725
15818
7522
11175
13938
11447
15882
1506
16855
14240
13208
10370
5818
2127
8649
15923
7417
7012
7876
4126
12508
15614
15717
675
16657
14049
12050
13463
14241
16901
13072
14697
16799
5085
5271
6380
15246
15877
12311
14592
12354
5295
5583
6581
11657
16523
15356
10103
9583
38
5406
4962
9868
7244
5966
2727
10514
5834
11691
9273
14281
860
6055
9702
12180
9130
12181
7672
16316
216
4914
405
4208
17109
7480
10198
4799
13578
5798
14663
3932
11063
6458
12074
4690
4939
6669
15703
4469
10557
6061
6225
2399
1728
7055
6779
8318
4407
16787
8921
16727
14854
10115
3178
13609
12538
12647
3037
11312
6963
6767
8223
13883
8009
7097
5321
10519
1961
6775
11234
14464
1034
14266
11794
13109
273
4710
6063
6802
9474
13310
6950
192
11990
14485
1338
3076
258
6433
9088
16714
16089
7929
3359
8910
15334
15790
9221
13359
13958
6725
3872
13576
9050
7286
2132
12135
6338
6650
16974
12038
15326
7121
12495
2383
12929
8443
7423
9715
8845
6943
16890
5472
11793
4543
16027
9903
11862
7004
14085
15948
11536
7671
7569
2686
2129
7848
7884
2943
4439
14871
8254
10425
7945
11425
15918
11105
12557
13409
9259
9694
16520
6573
7007
10696
7065
6264
2309
1615
5591
15835
1371
308
14314
12625
1962
6500
230
15547
14161
2442
15230
6505
13807
7346
5257
6954
2632
1727
3335
5318
421
828
15801
7278
4495
8381
15860
14331
12970
11981
4395
6521
3596
2119
3066
5876
8243
16719
8139
6620
3537
12424
9419
5895
12216
11847
9522
6813
12132
14368
15061
14429
6246
1953
16353
12676
6100
7010
12448
8666
8198
11616
756
7102
11198
9825
5829
7294
9634
11627
16808
3910
14384
3418
14705
5957
2718
10847
12941
13553
10731
15695
11446
6393
7716
14558
12286
13131
12622
10721
4498
6953
1028
8371
8664
4535
4026
5633
16346
14482
4064
10575
4984
7122
12609
1923
15419
4798
5968
14253
9671
14367
4896
13702
8336
14712
2246
14556
2973
7623
5331
7303
5621
6798
11120
5716
6564
15136
15537
11262
6602
16012
1549
11380
14943
6988
7696
1941
4153
10561
4125
3769
3459
5860
1305
6229
16528
4654
11346
245
1146
15712
6144
12192
12988
6743
14898
120
14551
7089
10117
7336
10677
6910
1947
10593
3120
5315
10282
14232
7657
5017
2828
9308
1880
12556
14971
3205
13300
10956
7537
5486
2778
15269
14805
12600
9976
15798
15034
8958
5852
7280
7933
10181
12843
12217
4237
6924
13032
15201
10549
6741
9276
7216
16221
6147
2476
7041
15219
9535
8074
6238
793
3637
11336
4904
13209
10434
742
12224
8501
2250
11635
12751
16457
10879
6015
6442
6311
11230
6936
7058
775
3047
8632
13189
1618
4471
5899
4010
15214
7409
3238
15105
13896
5442
751
12691
15320
2088
11797
7146
14514
4492
2299
6595
6691
7395
5164
13871
11588
16845
9707
11049
12718
10598
11320
15295
5547
3303
5018
13523
10054
8574
4554
7418
1879
472
4971
7440
10042
13143
13163
7359
2834
17086
2490
6860
5870
16979
12789
10963
16668
1129
4575
14996
6149
6190
10294
14244
4345
15776
12385
6961
4038
13783
12682
7291
6911
1658
3653
15240
3413
16807
16938
10020
6530
13386
14280
5361
6432
9201
16742
6822
7643
17040
17091
12171
16173
10317
1114
5567
15063
14436
7408
14598
5153
476
16551
5889
13417
5833
10252
5817
6169
1257
3894
6222
910
2366
399
6885
16735
9331
9864
13263
5648
11878
6554
6312
8314
1657
8962
7426
10290
3712
9370
7013
10969
14740
16843
15808
8662
8353
11069
3871
13081
14214
15041
14063
16341
4339
9477
6803
13473
16962
13700
7000
16167
16314
14139
13261
12130
179
15619
8172
1426
11530
5972
7114
17047
16235
12363
7040
4867
7618
2140
15397
14271
12540
5600
6970
8333
1033
4425
13003
357
4308
6139
5892
11275
15767
16643
5847
7879
3976
4405
8685
1976
7836
5566
5991
4546
990
13663
13617
17185
3493
10426
6998
10427
10361
10041
12776
9607
4280
5596
15865
5543
2326
9945
14494
7952
10368
13115
15669
13650
16233
9165
14734
6804
8488
16801
5904
13764
12025
9900
14901
16495
8592
5255
6282
1862
6589
4590
6320
12230
1254
2817
6604
13175
16112
10008
14218
6104
6469
2952
6987
15994
7168
13369
6786
17167
4639
14047
13042
10182
2428
8765
6337
6994
3811
13461
6828
15886
11502
1030
6574
6188
4669
7589
5949
5003
10711
3043
7017
7094
15206
4934
6037
12201
13114
7742
14118
1718
2660
6823
13364
8209
2687
10630
13824
1691
12246
6209
13667
4261
9289
2568
13592
6224
9045
12080
12235
13876
16587
7070
7159
5200
8234
4739
14908
12927
11542
17024
15042
13001
10111
7580
15352
10725
1325
11692
15426
11295
4497
6916
7123
8814
14227
8081
15819
3731
12422
16693
4524
9235
12744
15683
4212
8951
9691
2553
7747
7801
9817
15211
15185
6766
7444
5343
7081
1628
14061
9060
15514
1800
4236
2984
7347
5808
3520
12414
13590
1057
15405
7509
6734
8599
1163
8782
11960
2683
453
14404
8687
12666
11709
10988
12039
8683
8668
16566
5622
1644
13343
10083
14751
3577
3519
1763
10240
303
6806
2288
14874
14435
6154
6029
5623
5296
14770
7688
5981
6471
15070
1215
14192
9698
11296
10027
5988
5696
15243
3001
11420
1092
6909
12223
13092
6686
1417
6179
13449
4377
6863
3015
13100
8456
12656
9851
13698
11660
4145
12928
13249
690
14276
8945
15840
13365
11508
1432
6661
4259
4178
5888
5511
11160
15380
12300
7851
4781
3078
7495
6679
6594
1768
721
6927
6737
12802
589
15652
13442
758
11228
13995
1038
10035
6243
13644
12985
8661
14618
7042
1918
3349
4159
4359
7835
8111
4681
13504
16879
16601
6140
5038
16408
17214
8423
5737
9293
14875
5370
10852
364
7935
5246
15091
9888
7210
2069
14209
2089
8432
5465
14282
12369
2819
16460
4712
657
3601
6861
14382
5655
14923
4506
7215
8841
7567
2931
7519
17161
9667
10325
7191
13350
15852
15058
14438
2680
13354
6116
16165
9057
5422
12817
5493
12041
6120
4301
14295
2406
3273
1822
6918
11095
11510
6717
15655
10375
2231
10173
6707
3167
3059
5877
4701
121
7116
2096
13435
8142
17025
2544
14695
2167
13720
14347
7344
7451
15911
7829
13709
15831
7110
10335
5510
13920
11232
15880
5952
2769
392
14146
5238
3117
3208
3033
10873
16743
5932
8708
15293
7539
1931
10259
5925
3529
12366
3333
6502
4534
13151
10301
6240
10414
13801
160
14375
1340
7992
11993
14922
6181
13845
1467
6788
6693
5630
11555
13505
3440
11481
7750
6071
6511
2701
13618
13980
15649
6820
11817
14127
13329
9981
5730
10587
14291
6076
3658
12013
15584
15406
13188
13966
1689
12483
5946
16255
4255
3736
10363
15521
1281
7368
5635
15024
16814
3324
16616
14320
11374
637
11509
12437
14096
12696
3266
5554
4028
11028
2797
6250
1381
10061
4364
10352
576
10261
8113
16014
5159
6590
5325
15546
13083
6850
13956
15520
11433
10385
16400
6425
6009
14267
5911
12999
11717
13126
4902
5013
13507
3318
1694
15551
14321
8524
7118
6354
6896
5242
6290
11623
8790
7429
7647
12862
9316
7036
16510
11329
15399
9389
13338
6773
10350
13519
3019
6343
908
2926
2644
6506
7789
14677
6751
6979
8893
15632
1219
13335
6295
2697
11251
3963
4941
17134
13194
12386
6441
14949
10928
13213
9810
4668
6727
6001
3419
4089
1152
12203
5787
3346
12603
6566
17120
14500
2224
12911
15430
1969
8913
14142
17101
6438
10238
6868
20
15552
1571
16389
5850
12507
6039
15518
9204
5523
2295
15561
10034
9445
7103
7880
9436
17127
5286
6031
15167
16434
13903
14208
1118
132
13351
5134
8493
8463
9415
14483
3393
6587
5516
11795
8012
5532
3805
15710
7702
13214
9834
15228
7115
15982
7005
5585
10106
11971
547
11785
8605
16490
9800
6408
9043
14503
15197
14586
17002
11780
13572
7030
16226
2032
13620
12364
16828
14101
1155
13128
2090
8378
10714
5995
7552
13973
14626
5598
7261
8310
1890
4211
10998
12141
6618
5528
5604
7023
3097
16028
8179
6357
2633
15653
8186
5971
16508
10273
5383
15503
13827
12458
4213
15119
3979
14793
6249
12026
2038
6865
10032
16573
15753
16372
10757
17019
6479
15869
5478
1358
9379
14095
2669
14803
12045
6197
6296
17184
4756
6316
15506
12638
1101
6182
13580
13677
14357
5684
17083
17070
14398
10216
2248
11839
10867
14780
68
16158
4501
14835
13687
5073
15355
14931
5499
10149
3160
13759
9132
3242
10903
11996
5607
11757
13863
11765
1275
10635
15047
7091
5951
15789
8473
6051
11897
14744
16797
15713
9540
11932
5069
6907
7237
9323
12589
13268
12835
10093
7892
6569
12869
17071
11668
4602
3522
4811
5639
7077
4817
9345
184
16163
3689
10420
1554
6584
7564
5645
8746
16098
4013
1814
1885
7186
11134
1113
16847
6583
2388
7187
12272
14885
8114
12599
11294
7602
7626
1730
13008
6366
2310
1736
16201
13117
14518
6300
11820
15216
4171
2625
12990
6784
16056
16447
3475
11044
3096
6844
7348
4440
1144
7941
3874
6508
1928
1078
3609
13923
7082
6371
1396
14638
12780
16863
5885
10808
6418
2348
1435
5997
974
13495
976
14865
1903
2070
7281
5709
15313
29
16088
8660
15679
9145
4388
12361
15465
5838
2395
7292
14866
6497
13060
15730
10164
2073
14861
11254
12695
14879
17032
6668
5128
13643
7699
7059
10906
11181
1421
6299
5826
12308
3002
6381
3665
13139
4322
14800
5699
10206
4305
8653
7708
9602
11203
6464
9799
8374
13686
6255
3272
9587
15601
15337
11995
6819
14340
6623
8621
9015
16241
6580
9296
8332
987
12572
10120
5686
16607
15810
10274
5378
13141
4720
6787
6004
8924
12804
8775
11326
10632
7268
286
7662
5668
14951
3614
16569
11737
5258
15581
15524
11724
14724
14792
10266
7576
7266
4697
508
6090
14830
6420
697
2484
16271
10619
16292
14773
13248
15000
14420
6286
5000
5824
16011
11207
15391
12494
11561
7633
8026
247
8140
9443
15402
13817
12033
15279
7776
11042
15510
993
15344
12779
967
2961
4952
12946
346
3899
7795
11687
5674
16470
6673
10477
15452
11552
6777
11858
4254
5525
15588
9780
10528
6186
5880
11998
16100
221
16525
1942
1588
8840
5791
4353
2110
16701
11338
15999
5908
3559
11383
664
13624
5978
5485
1328
7554
10701
14307
11646
12020
6867
14041
3115
6723
14029
6748
14948
6426
5303
7485
6676
7692
14884
5411
8023
1937
2597
10723
6973
16817
15470
10910
9639
12252
3747
14117
9026
3355
16473
6544
12688
16494
1025
14380
9435
10574
16478
13309
9384
7428
7178
6972
4512
16527
14050
6389
15576
7853
15778
5316
780
5794
2969
12637
16504
5900
16588
5970
267
6921
492
6142
6318
8328
7157
6340
222
11094
2887
12755
12248
2957
9079
6403
16866
2256
6548
14537
3213
14468
7141
14994
5628
2026
5377
15383
12391
16637
8386
6649
2734
11469
13559
13238
16187
8452
16631
11507
11572
16519
12343
14678
5576
16935
13835
14158
17008
15088
5831
7256
2475
6052
14831
5109
4940
3855
9880
15492
11184
15179
4313
7619
16769
10999
9722
15646
12550
3575
12040
10657
7011
8043
7001
9080
3858
7587
12226
10775
16660
14210
13470
7581
11560
12881
10578
6080
253
1724
881
14408
9008
11040
6928
14465
2037
11323
15987
8098
15941
14046
10806
12747
5944
5702
277
14980
7621
13232
1274
14597
4789
9109
5443
10736
9748
2790
10839
5135
10353
3873
13138
13623
9971
4358
9000
16198
2910
323
4474
7381
7527
5809
13451
6825
3172
9525
6287
6639
14704
13401
1174
6948
6561
252
3815
6294
8322
15294
14238
6263
6959
4166
2504
12133
14310
3199
5392
6625
4336
8689
10329
6550
16382
701
12017
4387
15220
8991
11776
5744
15863
503
11164
12952
8444
7479
11676
6760
9307
1733
1519
14842
4283
4675
11519
16466
9336
11930
16622
15469
5862
12263
2876
14135
8842
8359
228
5366
6498
14575
6132
14534
4294
15589
16836
12995
12278
15558
1096
6443
6170
15476
11333
7196
16966
7768
9816
15504
6228
7068
11761
6730
11999
5311
2105
14851
8441
6759
1290
11518
10298
7477
4156
6050
7412
15299
11546
5879
15161
10110
8229
13825
15044
13729
7740
6239
8909
4976
4596
13872
15867
3988
11430
14811
17075
214
8988
5512
15382
15445
7449
5958
1044
3891
893
4725
6920
5203
1553
13694
3869
14693
3780
14397
5346
11822
14411
10927
15238
9223
6843
5652
6156
2917
11212
5229
5375
2059
8292
6599
12681
2443
11200
5816
7445
13326
3147
6105
2154
12480
9007
6622
13672
16438
7758
15912
13297
11753
5806
7357
4163
16498
10939
15443
4891
13768
14042
10239
6074
896
12733
4874
9576
17066
1366
5795
7455
11606
15842
11267
16000
311
15423
11920
7598
13605
13880
12854
2728
12265
6339
15413
5298
11933
14612
7138
13869
11643
14790
7088
15331
5456
2782
12852
5626
10756
16857
15622
14599
8286
6830
13934
4785
7705
8655
14525
14765
14926
446
13432
8682
15180
7769
5098
6487
2372
15821
4748
8719
17077
8069
12863
13196
15942
16747
5979
16297
14498
1776
12444
12474
6006
4631
13082
15661
6257
8576
15242
5292
13207
13728
13237
6456
4961
6171
12267
2415
16345
2003
6383
6578
1111
14124
6088
11772
9446
2196
13621
14721
11781
10254
4375
14654
11831
10922
6032
909
12084
16461
5982
478
731
4324
5551
16629
5145
3328
5169
7711
9166
10870
8638
6439
2774
3784
4374
2820
9792
4371
14469
1306
13352
3746
10700
4022
727
8013
11548
733
6155
6698
11640
1637
14454
5529
4460
10553
12067
3360
13286
10387
9719
4443
15464
4392
977
10224
6794
3617
15027
6952
6785
6853
3323
15534
13301
9225
290
5101
13026
3667
8937
9061
13637
13655
16084
14947
8626
13959
2678
1495
4842
10990
2785
9388
14145
13430
16891
8481
4568
8256
8267
5141
13185
1443
15675
12371
4865
15348
16818
2242
10030
5905
14392
12553
5239
13997
7113
9506
4837
16980
4845
4155
15256
17173
1516
3757
14078
16140
5161
13770
15715
12693
13389
15422
5334
5222
15505
5733
5989
10471
92
16659
15937
16885
15759
16229
5398
9941
5137
10140
7246
16746
11032
4819
15843
5007
4514
14888
13633
15158
8933
2548
14170
5004
5220
2537
8627
14084
1967
3099
5856
4713
13177
13021
7398
5634
1758
4488
8630
7620
15851
2344
7399
8149
4216
2232
6217
10916
6112
326
14217
9002
1395
1059
7463
9659
6075
16709
16762
710
10804
6980
15846
13360
16571
17211
4868
8763
14467
8854
14022
13358
4864
5039
4539
11678
3401
5531
15363
17026
6248
9251
14887
3168
5338
2164
15611
8509
3158
7854
13399
13585
10653
3193
5005
1308
15297
16781
4969
12582
6925
13408
6068
765
9895
843
14569
4982
13079
14288
14317
12904
12123
9728
6103
14309
10300
14747
4772
361
13829
13120
11786
9349
6658
197
6107
8802
13849
2894
6187
2844
12887
13094
6111
4604
7828
16256
7526
1400
6024
14969
5400
16924
17115
15714
7373
4619
6273
4717
6216
12196
3408
15241
12408
3718
10562
1740
14425
9122
11165
10328
5611
1105
7607
2682
6363
14531
14136
1836
15793
9983
12405
11959
6536
5650
2107
10818
12488
13149
8120
754
15562
2050
13950
5043
13165
1165
7376
2512
6483
2158
4088
5530
14892
8686
15887
6281
14812
8789
11893
11166
13104
3510
550
5940
15983
12127
10355
1781
14258
6128
16419
16430
12329
16376
7119
3555
13689
1860
1464
13882
6638
12892
10778
13290
6124
15582
11869
16383
14836
3028
5792
17187
15060
3704
4530
7132
14896
14613
10647
13105
11739
4657
12545
13697
8622
4389
15001
13629
12456
433
2944
14167
5393
1145
13334
13488
11955
11563
8565
5973
5688
16848
15226
17179
11763
3286
10941
17163
5213
23
8099
11242
15108
36
10503
17154
14152
44
10932
17147
8616
54
5245
17136
14600
57
8068
17126
13315
66
1841
17119
5820
73
7960
17108
5881
77
11988
17107
15525
83
5515
17102
12932
87
8403
17097
13172
91
3351
17095
6533
96
4822
17089
12891
111
10340
17080
12976
113
10681
17079
12351
127
6601
17063
4505
131
6733
17059
6392
137
5352
17058
6267
148
4309
17036
7039
159
7397
17030
6681
161
7856
17001
11305
167
13928
16997
6659
168
7180
16990
5487
180
1452
16989
5975
189
16555
16975
14185
201
353
16967
4106
202
10383
16963
4652
204
7842
16961
15539
208
3197
16955
7998
225
12240
16953
15528
227
7683
16951
7893
288
16641
16948
7964
299
8674
16945
8295
314
1638
16923
6431
316
523
16922
5967
321
12271
16912
5976
324
7231
16905
6019
329
12551
16902
15174
330
442
16842
12960
333
8995
16812
6542
350
14361
16764
15729
358
2735
16761
15684
360
4461
16754
7016
366
5463
16734
13912
378
3139
16717
6490
381
11939
16715
12051
385
8077
16699
12032
391
14031
16696
5822
394
16550
16695
6370
401
15236
16691
12319
403
7837
16675
5489
410
12129
16669
6401
415
1319
16656
14904
434
8484
16655
5993
436
11694
16650
5058
437
8400
16633
14453
481
4587
16625
7551
487
12889
16623
15009
491
3088
16621
13528
495
3112
16614
5692
501
8761
16613
5221
521
4408
16592
5274
528
2731
16575
13106
532
8352
16564
4135
534
13254
16553
17218
540
4214
16538
13615
545
1844
16507
4829
548
1677
16496
13631
569
15069
16482
4852
571
2869
16479
4853
572
13586
16462
5317
580
2866
16455
8143
593
2103
16448
7775
594
11103
16439
7784
597
10730
16431
7565
610
12899
16421
7819
619
16811
16416
7802
628
16593
16414
4766
631
7227
16396
4708
644
14961
16394
13280
650
9479
16386
13275
660
16968
16379
11559
670
6115
16373
4102
672
13510
16361
5430
689
15621
16356
12692
692
264
16355
12759
693
7561
16340
16664
700
6126
16339
7656
703
7379
16338
15195
709
7577
16331
15224
716
12200
16317
7678
718
9853
16310
7885
723
6513
16309
7984
729
13522
16301
12963
732
16867
16300
8379
736
13695
16298
16119
748
2141
16283
8192
750
5497
16279
7350
771
13660
16267
7640
800
14798
16263
15682
808
11010
16259
4103
815
11139
16242
7134
825
14399
16230
17217
831
10527
16228
17213
832
7457
16219
17212
842
16959
16200
8676
844
13508
16182
17210
846
13659
16174
5270
847
14338
16166
7469
855
13396
16154
5197
867
4263
16151
5152
869
8780
16148
5752
875
8275
16145
5711
899
14128
16139
11871
902
4041
16129
6261
920
11607
16124
14727
922
7391
16123
14337
952
7559
16107
6435
953
15303
16095
15531
975
15479
16090
13671
982
14620
16072
6765
984
12387
16067
6317
992
8803
16050
4727
994
464
16038
14954
999
2462
16030
6839
1020
7383
16023
5934
1022
9949
16007
12228
1031
9827
16003
14815
1054
3484
15992
12332
1056
4330
15977
5475
1065
2528
15967
5927
1069
8022
15961
4857
1075
8405
15954
14039
1086
12237
15945
15574
1087
7154
15926
15934
1103
1098
15909
15898
1110
7489
15907
16172
1130
8965
15900
6262
1135
15856
15894
12846
1137
8195
15890
6288
1138
11984
15879
12943
1147
4873
15850
15544
1149
15901
15833
6772
1150
10121
15828
6379
1173
7252
15826
6419
1176
7219
15812
5225
1195
412
15806
7914
1200
8679
15803
13731
1204
11461
15779
7697
1211
13407
15771
7903
1214
6277
15742
7142
1221
10448
15736
6252
1222
6265
15733
8684
1232
14515
15731
13794
1243
455
15727
11367
1248
13836
15725
10289
1259
4240
15722
5893
1264
5071
15719
5915
1300
16009
15707
15481
1318
10664
15701
4740
1320
13529
15691
15264
1339
14918
15676
4115
1342
3738
15674
15132
1344
15231
15671
14235
1349
4188
15668
15056
1353
175
15660
6323
1359
6367
15651
15148
1362
807
15645
14706
1374
15407
15631
6275
1379
15783
15615
5747
1380
9867
15612
14782
1385
10493
15608
6356
1390
10011
15590
11179
1398
778
15579
14302
1402
11238
15570
6468
1403
4773
15564
12886
1406
16274
15560
7062
1416
15591
15559
15970
1424
1071
15550
15844
1425
3563
15538
15477
1446
1675
15533
7218
1447
5869
15508
14113
1450
14083
15507
5154
1451
10343
15499
4612
1459
10260
15489
6232
1461
2720
15487
10970
1463
4176
15486
5256
1466
8202
15472
11083
1477
7206
15471
6873
1478
2181
15463
12022
1485
13502
15459
6852
1486
16913
15456
13737
1504
15390
15449
5803
1520
4893
15448
13597
1522
14188
15444
14957
1532
13932
15442
14680
1533
14916
15434
6407
1552
14243
15429
5906
1555
13850
15428
6436
1564
4275
15412
6455
1578
3464
15366
5931
1580
8901
15345
6829
1590
4337
15343
7599
1599
3104
15342
14938
1603
8946
15312
13787
1607
1529
15310
6422
1611
4695
15308
13919
1620
16996
15307
6457
1622
11611
15305
13186
1624
12653
15304
6558
1641
16236
15280
5313
1659
6388
15276
15286
1666
1944
15273
6451
1672
12748
15270
6514
1674
13692
15260
15367
1676
4699
15258
7022
1679
10247
15247
6588
1680
8052
15244
7593
1703
4887
15232
14608
1748
4075
15229
15708
1756
6409
15221
6631
1764
6098
15209
12440
1765
6984
15208
5218
1775
5380
15205
14660
1789
8006
15198
6960
1799
8522
15190
8692
1802
8180
15188
6937
1824
10659
15187
13098
1826
4805
15181
5815
1827
12012
15178
13939
1833
8057
15176
14171
1853
8392
15175
6940
1858
2608
15165
8694
1873
5276
15159
8695
1908
7534
15156
8698
1911
15962
15147
14091
1912
6555
15137
13216
1916
2423
15131
13336
1919
7528
15126
6060
1926
4180
15116
6087
1939
4400
15110
8700
1978
12552
15109
13998
1987
10983
15103
4932
1992
8244
15102
14565
2005
12461
15096
14843
2021
12482
15089
5990
2027
2976
15087
6025
2049
15734
15081
13967
2052
1246
15080
5031
2064
5319
15071
8699
2065
996
15064
13591
2074
7560
15059
14030
2078
3044
15045
14490
2082
5171
15033
15466
2100
3277
15026
16122
2108
12535
15021
12618
2109
10098
15014
4958
2113
12690
15008
10680
2118
11575
15005
6503
2137
9892
15002
13278
2142
8581
14976
16175
2147
12324
14975
6600
2149
16299
14974
6540
2162
7813
14970
6654
2175
13454
14953
6692
2176
4812
14946
6123
2180
12965
14933
15388
2184
15792
14930
13548
2190
8000
14910
6756
2207
16770
14899
6716
2217
5241
14895
12866
2229
15431
14891
6285
2230
379
14882
12213
2233
2948
14872
5721
2272
12476
14860
11953
2278
14334
14859
12727
2281
10691
14855
15435
2283
1601
14850
12807
2284
3254
14847
13657
2285
524
14845
6270
2287
568
14840
5800
2289
14087
14833
14741
2290
7053
14827
5116
2294
13243
14826
14718
2296
11597
16289
12861
2298
16153
14821
11219
2308
15770
14818
15933
2342
9979
14817
5666
2356
4782
14809
7300
2362
5364
14797
6280
2365
14416
14796
6227
2374
16133
14779
11887
2389
6660
14774
14728
2390
12092
14771
12114
2407
7226
14763
14789
2412
6044
14762
5193
2419
8131
14756
6492
2436
8253
14753
5921
2457
520
14730
13493
2460
5354
14716
5190
2492
763
14713
15583
2497
1128
14710
6391
2503
6768
14690
7019
2506
16286
14687
7006
2510
12229
14681
14079
2518
7160
14673
5914
2527
12660
14671
14903
2549
13195
14667
12305
2565
443
14665
5827
2571
12451
14640
5848
2574
2995
14616
12140
2576
6603
14606
5765
2600
2611
14594
14907
2606
784
14579
7755
2616
10413
14576
7763
2628
767
14570
6538
2631
85
14566
8704
2642
14978
14561
6572
2646
9957
14542
11888
2662
9936
14540
5001
2673
6913
14533
5149
2674
2626
14527
8705
2681
4483
14519
10872
2688
12392
14510
14804
2691
5969
14509
6985
2700
1014
14496
5179
2703
2889
14486
8707
2707
8355
14481
8709
2709
10877
14473
5196
2737
10416
14458
5192
2758
9781
14450
4944
2766
12746
14446
5136
2767
3978
14441
14116
2768
512
14434
14143
2775
15620
14413
14138
2776
281
14412
14132
2781
3155
14403
5123
2803
16640
14395
14114
2804
12452
14393
11835
2806
674
14390
6430
2807
15780
14381
6922
2812
5067
14379
12009
2813
3460
14362
5660
2824
1109
14359
12002
2835
3539
14346
12111
2848
15936
14335
5143
2855
12758
14329
11072
2858
6878
14290
14186
2863
14194
14289
5133
2865
13755
14278
7540
2868
9217
14272
14784
2877
15152
14264
7490
2893
9335
14257
5784
2897
3463
14256
15138
2904
15606
14255
6472
2907
4496
14254
14110
2933
16738
14249
6523
2934
14206
14247
14076
2938
5020
14242
12209
2940
1437
14226
7075
2949
1747
14225
7106
2960
13494
14219
16064
2990
14648
14212
13425
2993
12989
14205
14355
3011
8877
14193
14373
3012
5868
14181
5355
3017
6899
14165
8693
3029
15616
14162
14932
3031
7787
14155
12310
3034
27
14154
15424
3040
1847
14141
7217
3056
12949
14140
17209
3074
9517
14131
17208
3075
2808
14126
17207
3087
12705
14125
17206
3089
6680
14121
15267
3093
5201
14119
13904
3100
1120
14104
7553
3110
9662
14082
7052
3111
4062
14073
15022
3122
4617
14068
6501
3130
10935
14054
7504
3136
3930
14053
6634
3138
13135
14045
5094
3141
14204
14038
13302
3142
7811
14036
14231
3144
10643
14035
7148
3156
17148
14028
15709
3162
8564
14023
6653
3163
8721
14020
5999
3176
4826
15953
7151
12136
9749
14018
13460
3181
4413
14011
7233
3184
3726
14010
5182
3188
5681
14008
6597
3195
5368
14007
13492
3206
14877
14003
5913
3216
12468
13982
5918
3220
10687
13977
5707
3231
7831
13976
15030
3236
777
13968
12460
3240
12679
13947
12515
3249
14461
13946
15020
3251
6833
13937
12345
3268
9353
13931
13443
3269
14867
13929
5938
3270
266
13925
6764
3275
1851
10820
13704
3285
1990
13922
6157
3287
14944
13913
6848
3290
900
13911
12611
3291
5181
13901
12663
3296
1806
13887
14374
3297
15998
13884
11322
3300
3802
13881
5289
3301
10960
13877
12607
3310
3922
13875
10245
3322
4686
13865
14304
3361
5916
13846
14987
3372
4217
13843
11151
3378
3574
13816
11276
3380
187
13811
14344
3421
15656
13799
14920
3434
8245
13792
11147
3444
9507
13780
5897
3455
11811
13775
15461
3462
3655
13761
6670
3466
10822
13744
13472
3489
5428
4248
6689
3494
9107
13743
6728
3497
12791
13739
5928
3500
11816
13734
12403
3504
224
13711
15082
3507
4770
13690
6062
3540
1582
13683
13859
3543
584
13670
7679
3546
995
13668
4321
3557
11021
13658
7304
3582
3370
13647
7297
3606
13665
13639
14723
3616
9265
13606
14326
3624
4903
13596
10435
3629
8319
13570
12462
3639
2511
13566
14993
3640
4508
13563
14991
3654
8408
13560
5962
3677
1133
13537
6795
3705
13340
13535
6711
3727
7192
13534
6543
3733
8342
13533
4549
3752
16875
13486
4566
3756
11863
13485
13699
3762
4040
13484
13696
3768
8774
13483
7977
3774
8906
13467
7661
3776
7318
13447
12643
3793
8430
13445
5401
3797
11453
13434
11495
3807
15825
13424
5277
3808
15359
13418
12568
3819
8058
13413
14530
3831
431
13392
15125
3838
11872
13387
15662
3868
11911
13384
5427
3875
11854
13373
5446
3877
7663
13368
6884
3896
10016
13367
15166
3897
12933
13346
14538
3911
49
13344
14574
3915
16916
13339
12595
3926
5801
13331
14632
3946
16213
13295
6697
3955
7111
13294
14873
3957
3729
13288
13530
3975
15251
13284
14502
3977
973
13270
13018
3982
7288
13255
5458
4024
5024
13253
15728
4030
11363
13227
13684
4032
2357
13204
14532
4033
582
13200
14471
4045
10215
13197
13646
4046
15549
13190
5534
4066
3394
13182
4571
4074
13550
13169
14300
4078
9093
13164
11758
4080
13013
13161
13741
4112
7056
13153
4742
4119
7799
13148
6162
4122
8954
13133
6504
4132
6551
13123
12980
4133
10498
13118
4855
4154
11088
13116
17205
4170
11171
13102
8675
4184
15054
13087
17204
4190
2007
13086
17203
4191
11900
13069
8667
4197
7930
13068
7612
4209
3902
13067
6428
4218
15672
13057
6557
4235
72
13054
7195
4243
2779
13051
15809
4272
5960
13040
7629
4279
7335
13037
7940
4287
14478
13025
7605
4289
5386
13015
8033
4290
13402
13006
7095
4300
2733
13002
16240
4310
11124
12971
12879
4325
16671
12968
15951
4327
15111
12964
15785
4341
10886
12959
14198
4343
14305
12951
15875
4344
15381
12945
7563
4356
15007
12944
14123
4367
9113
12939
4618
4368
7525
12935
14752
4378
3885
12922
6230
4382
5867
12910
6445
4386
8881
12909
6412
4402
10901
12884
6454
4412
16602
12880
5464
4416
10989
12876
6241
4418
5151
12859
6184
4434
12463
12842
11703
4466
4239
12839
12966
4473
4666
12837
8680
4491
12640
12832
8678
4499
12436
12826
7422
4515
10830
12823
7494
4541
5272
12814
7578
4561
16465
12792
7550
4562
12770
12783
7543
4572
12340
12762
7594
4583
3694
12732
7574
4585
2546
12728
8691
4592
1335
12726
7649
4620
6975
12725
7911
4621
943
12717
15193
4623
5328
12708
7531
4624
3148
12694
16218
4626
5009
12675
7107
4628
15512
12664
7484
4638
3505
12655
14992
4648
11321
12649
7632
4660
986
12645
7601
4663
11841
12641
7639
4670
10002
12634
7689
4673
11514
12616
6582
4674
7566
12601
16026
4696
1797
12598
14156
4698
1722
12596
14252
4705
2826
12585
13122
4711
16058
12573
14430
4730
15952
12561
7054
4735
402
12558
13077
4745
13899
12554
7069
4753
2461
12547
5435
4757
3825
12531
6531
4761
14736
12528
11838
4763
12317
12521
13033
4813
5120
12520
5618
4821
12630
12513
7060
4824
1284
12485
14129
4828
15864
12479
6406
4840
787
12453
7167
4850
9534
12435
5632
4856
4247
12429
8715
4858
2732
12421
8716
4861
9999
12407
15874
4880
12498
12398
6397
4886
13992
12393
7139
4889
5363
12381
14318
4908
2896
12353
6526
4910
9321
12339
5758
4912
574
12338
8717
4935
3383
12330
5851
4953
6346
12323
12427
4960
7617
12315
15628
4972
16882
12314
14048
4997
926
12313
4954
5006
1051
12312
15580
5011
3453
12296
13662
5014
13758
12294
10798
5019
15593
12293
7283
5025
11408
12288
12416
5028
16638
12284
5849
5042
9006
12273
8713
5047
9099
12266
12227
5055
6012
12264
13316
5063
5715
12261
15485
5078
4870
12250
13471
5086
10770
12238
8706
5106
6496
12231
6416
5110
9878
12215
6657
5139
14849
12212
16016
5155
8270
12208
7754
5170
10067
12204
4718
5172
1492
12197
14981
5183
12082
12176
5524
5186
13840
12167
10606
5189
7096
12159
5749
5208
13332
12150
4513
5209
5091
12147
13421
5215
5405
12146
6585
5217
16934
12142
13441
5228
11454
12122
5751
5230
3003
12119
6703
5236
16502
12115
15519
5250
16862
12104
12285
5251
8412
12099
4876
5259
781
12073
7
5262
7470
12069
8
5283
15536
12064
10
5291
8255
12047
11
5302
8566
12031
8722
5304
6808
12027
8723
5306
9565
12021
7372
5312
9543
12016
7343
5326
13900
12006
14647
5327
14150
12004
15603
5329
13713
11987
6708
5342
16579
11962
7762
5356
5501
11961
5760
5387
7491
11952
13558
5390
14911
11936
14968
5391
13345
11935
6744
5396
16245
11917
13498
5404
9621
11904
11263
5414
5148
11902
5439
5432
13706
11899
15385
5436
1894
11870
5513
5441
15186
11868
14759
5445
341
11857
13342
5462
10735
11833
7796
5470
10231
11830
13414
5480
2252
11823
16392
5483
2761
11819
7770
5495
16689
11810
13573
5504
3523
11803
15592
5509
1683
11801
5793
5514
7641
11791
14017
5517
10494
11777
13622
5533
1531
11767
5813
5535
11170
11756
14714
5540
3060
11752
13561
5542
823
11706
13595
5545
14905
11702
6695
5550
14222
11680
6782
5560
5426
11675
15613
5574
2416
11664
15700
5589
8398
11663
13893
5593
15859
11652
16489
5595
16639
11642
17202
5612
12432
11637
17201
5624
14939
11629
17200
5631
5099
11624
17199
5651
6746
11615
7386
5654
1548
11612
7384
5656
4480
11565
4692
5662
14617
11562
4680
5679
11193
11539
14775
5687
14769
11537
7432
5698
9243
11535
7410
5708
284
11527
7433
5710
8241
11525
14880
5727
13815
11523
14841
5728
10208
11522
6875
5735
15805
11521
6845
5745
4234
11520
6796
5757
8261
11512
6847
5761
617
11504
7955
5772
8346
11498
6917
5781
1482
11496
8714
5782
12376
11494
6934
5790
5553
11486
8718
5804
4270
11482
7568
5819
13610
11470
7588
5839
14824
11455
15814
5854
238
11442
16250
5855
7183
11400
5923
5861
16037
11397
7125
5865
581
11381
6022
5882
14746
11378
6073
5894
9139
11362
15140
5909
6242
11358
15204
5941
7031
11357
6185
5950
4458
11352
8726
5953
9553
11344
16004
5956
12723
11342
8148
5964
9271
11334
7765
5977
382
11325
14164
5980
14668
11315
15436
5983
13088
11299
7229
5984
3016
11274
7197
5985
16720
11272
12735
5986
10882
11248
6198
5992
14107
11243
15281
5996
14060
11236
7725
6003
16620
11227
15838
6007
16418
11218
6106
6014
8030
11204
8080
6017
543
11197
14339
6034
13701
11178
8050
6040
4150
11176
14386
6043
15974
11162
16176
6046
1127
11161
7756
6049
5454
11155
16384
6054
11538
11154
7198
6058
8064
11144
12994
6059
4545
11129
12992
6077
10638
11118
7757
6081
14296
11117
8086
6094
5372
11101
14410
6108
3006
11087
15949
6122
7228
11082
6129
6130
1900
11078
15274
6133
11864
11077
7687
6138
8457
11075
7724
6141
9147
11060
16690
6145
8035
11056
8116
6150
13589
11054
8720
6152
13282
11045
8092
6159
12258
11043
8350
6173
12797
11037
8356
6174
5878
11026
8369
6196
2228
11022
8727
6206
10734
11019
15870
6218
3920
11018
8168
6237
16025
10996
16295
6254
6608
10994
7821
6271
10155
10980
15535
6276
2618
10978
7859
6278
14735
10972
16411
6284
14415
10961
7834
6289
13754
10923
7230
6303
16385
10915
13016
6307
10895
10914
7112
6315
16759
10913
7810
6333
16121
10912
16348
6334
12342
10911
6199
6335
7144
10905
8527
6345
7057
10904
6274
6348
11741
10899
15868
6352
639
10898
13113
6362
11052
10889
16783
6373
5785
10875
16833
6374
12186
10871
16079
6376
2024
10864
7205
6382
4467
10863
8448
6386
55
10831
14442
6390
4219
10819
5178
6396
6349
10811
5160
6411
16045
10810
14732
6413
5026
10805
11221
6414
5268
10800
14848
6424
2359
10782
16137
6447
14033
10767
7341
6465
3625
10761
5065
6470
15883
10759
7365
6475
11385
10750
7371
6476
14963
10743
16152
6477
14428
10706
14837
6485
11070
10704
8304
6507
14523
10697
8021
6515
2754
10694
6449
6516
8406
10690
6627
6520
10211
10666
13314
6522
6570
10646
14587
6527
6824
10644
7380
6537
10091
10640
4949
6545
8325
10634
7314
6546
15101
10621
13157
6547
9718
10620
6385
6560
5403
10612
15441
6591
6168
10609
13218
6598
3953
10604
6297
6606
3983
10597
8730
6609
8160
10588
8731
6612
9066
10583
6189
6615
16931
10582
7313
6630
15495
10581
14615
6633
10769
10558
6459
6646
6212
10545
6484
6664
16943
10539
15635
6666
3587
10499
6510
6671
10795
10490
14973
6672
15822
10489
6474
6674
16044
10478
6405
6675
11393
10474
13
6678
6256
10465
7493
6685
3862
10463
8732
6694
16824
10456
13065
6704
7875
10444
8728
6712
5703
10433
16232
6713
12858
10428
15038
6722
811
10411
16225
6726
3996
10410
7524
6736
6463
10404
8733
6738
2655
10403
7541
6745
14679
10402
7965
6749
12948
10399
7508
6750
6215
10373
7447
6752
15141
10366
16162
6755
14764
10364
7475
6762
11484
10348
7487
6769
4851
10347
7503
6774
13496
10345
7482
6783
5064
10339
8736
6789
9959
10310
14862
6792
7443
10308
14814
6818
11013
10297
7392
6826
8462
10285
14839
6831
10442
10270
7920
6832
13385
10228
6467
6854
11688
10227
16080
6859
6857
10222
7944
6862
14077
10221
7958
6871
16006
10217
7983
6881
6078
10213
15605
6883
8133
10207
15577
6887
4929
10204
15532
6889
8799
10201
15858
6904
4897
10199
16488
6932
4056
10193
8296
6941
14989
10179
8290
6946
7812
10175
6565
6965
3255
10168
6478
6966
4511
10162
8739
6967
454
10158
8740
6990
8563
10144
8741
6997
186
10138
8742
7009
1428
10137
8743
7025
2520
10132
8744
7027
558
10129
8745
7029
3186
10119
8747
7034
6799
10114
7988
7044
12752
10099
7971
7045
1782
10088
8749
7050
5077
10087
8750
7063
1792
10079
8751
7067
2924
10068
8752
7078
16804
10065
16191
7084
5732
10063
14834
7105
13727
10060
8737
7108
12402
10052
6539
7128
4269
10048
7511
7147
6027
10046
6632
7150
12255
10031
8753
7161
7917
10012
8755
7166
3406
9993
8756
7170
9041
9986
8014
7171
585
9973
8757
7174
5858
9969
8758
7188
14581
9962
8024
7199
8189
9947
8759
7201
2491
9937
8760
7203
8516
9931
8762
7211
9229
9920
8345
7220
768
9917
8764
7223
573
9913
8766
7240
6328
9908
8382
7245
8486
9904
7590
7250
16534
9897
5266
7264
9616
9885
16204
7271
12100
9883
8115
7275
3853
9873
8340
7282
614
9869
8770
7289
6398
9854
6838
7296
2739
9830
6814
7312
1186
9826
8773
7321
9044
9824
5413
7322
14828
9823
5362
7325
3995
9821
8776
7330
542
9809
8777
7355
13293
9787
5474
7360
15566
9778
6805
7362
16435
9770
7648
7370
432
9768
8779
7389
9354
9727
8772
7402
4502
9717
8783
7424
9906
9714
16595
7425
2677
9705
8771
7427
873
9692
8784
7439
7823
9679
16644
7452
1693
9674
8344
7453
2339
9665
8788
7461
6568
9660
16663
7465
1616
9656
8791
7486
14175
9654
8119
7488
5184
9651
6942
7499
15823
9648
5457
7502
14941
9633
15834
7513
1613
9624
15903
7518
15013
9606
8787
8491
11097
3866
8109
7536
7124
9589
16349
7545
2562
9574
7638
7557
13676
9569
16881
7583
1124
9568
7628
7597
11581
9567
7693
7603
1367
9545
8793
7610
13789
9542
16304
7622
14157
9538
8105
7624
10760
9532
8126
7627
7938
9520
16202
7630
8056
9519
7677
7636
6030
9502
8795
7650
13489
9500
7675
7664
10107
9483
6846
7665
12953
9472
15404
7666
2983
9460
7712
7674
3415
9447
8796
7704
8293
9431
8797
7709
1420
9423
8798
7714
9832
9421
8190
7718
10069
9416
16306
7720
3794
9409
16374
7730
14286
9408
6870
7735
10460
9404
16363
7736
479
9399
16771
7746
8354
9397
16768
7753
7549
9382
8561
7761
12443
9366
17015
7767
5568
9344
16977
7774
8147
9339
8549
7793
6283
9306
8197
7794
14075
9301
8207
7800
4204
9297
8804
7806
11618
9294
7731
7808
14327
9292
7778
7814
16798
9291
7777
7817
7015
9280
5471
7818
2015
9275
6898
7820
7529
9254
8807
7824
10365
9240
14207
7830
4578
9231
14144
7832
10396
9218
15964
7849
10064
9206
14
7852
9072
9202
7846
7873
7109
9185
15666
7877
8110
9151
7838
7882
2800
9144
7804
7896
16206
9142
7743
7899
12914
9138
7858
7907
17159
9135
7833
7919
2459
9128
8808
7924
1449
9102
8810
7926
12367
9100
7864
7928
9115
9092
7865
7932
3604
9089
8812
7934
3179
9068
8813
7943
2337
9051
8815
7947
8823
9035
16143
7948
2430
9034
7874
7959
12061
9033
7866
7966
14299
9028
7888
7967
13446
9019
7847
7970
12450
9016
7860
7973
4215
9009
8816
7975
3036
9003
7901
7976
6996
8996
8818
7982
10824
8989
7862
8008
3376
8986
7891
8015
11369
8985
16503
8019
12940
8973
14151
8025
3904
8959
14234
8044
17010
8953
7072
8048
11867
8950
7061
8055
8200
8930
7051
8084
3864
8888
7870
8100
1670
8883
8821
8117
2400
8879
8822
8122
2846
8873
8824
8123
5638
8867
8826
8155
6400
8838
8827
8162
13356
8825
15807
8164
6415
8820
6992
8174
260
8811
8828
8175
2723
8809
8829
8176
10825
8801
7923
8177
3816
8800
8830
8191
7328
8794
8831
8194
16786
8786
16042
8205
3513
8781
7863
8221
7925
8778
8832
8227
6977
8768
8833
8246
11373
8754
5412
8257
2019
8729
7086
8262
8027
8711
7032
8266
3517
8710
8836
8274
3934
8701
8837
8280
5142
8697
8839
8281
15365
8696
15804
8288
6361
8688
7881
8294
10196
8677
15764
8297
3813
8673
7850
8303
1434
8671
8843
8305
14277
8669
7841
8315
7739
8656
8844
8327
1167
8654
8846
8349
12815
8651
15757
8358
7382
8645
7843
8360
12934
8631
15755
8366
10036
8629
7840
8380
2236
8625
15862
8389
15394
8615
15845
8391
1651
8607
15832
8407
13819
8588
14449
8409
8046
8585
14517
8410
1343
8584
7135
8421
2523
8575
15915
8431
11096
8570
14545
8450
1487
8568
7173
8461
15073
8525
14655
8485
3381
8498
7214
8490
13732
8492
7169
3433
7972
4700
7991
11123
7979
14184
15920
16819
7956
912
8010
2323
8847
14202
7236
10925
16658
3267
16662
2439
8002
6395
8848
890
8849
11414
8331
6624
5641
935
8851
6978
8852
16247
14731
5191
7302
15357
7287
10608
7324
4815
8853
7308
8855
12847
5460
9233
7269
14112
7277
14051
7274
15663
7262
2451
8856
3931
14703
1026
7265
6064
8858
8500
16171
14448
12234
9762
14691
15555
16632
4634
7234
1547
7249
7446
7279
14245
6974
1527
8859
5738
14424
7307
7064
6740
8861
15318
16105
5444
5415
7337
8862
1717
8863
13813
16062
10272
7100
5616
7117
5300
8864
8650
8865
3696
7129
13735
6981
7415
6969
9874
7090
8347
8870
6410
8871
14635
16078
15545
7080
2092
7136
10894
7937
1188
8872
1632
8874
9972
14585
13481
7193
5644
15956
12428
14512
319
16083
13996
8860
1817
7093
10305
14578
10776
5482
15698
7158
6836
14571
12117
5569
14651
5592
11364
8857
10670
5555
15360
5505
7276
6949
15723
6993
1193
16049
1715
7018
17093
5527
14868
5563
198
8875
8250
15066
8278
5590
15496
5580
8075
8878
9585
5599
12673
5613
16958
13406
6448
7225
7358
8880
2721
5661
2763
8884
1037
8885
3004
8886
12591
5610
9118
8882
4732
5636
10812
5619
8835
8889
15387
15118
4833
5556
1759
8890
12377
15037
9106
8876
1737
5539
5332
8891
1787
8892
13298
5521
4722
16542
2977
7889
16047
6938
4205
8895
13469
14423
12107
16081
1565
16106
5022
14451
1321
7037
8767
8320
1453
8896
5424
8897
11651
8370
3846
8898
3856
8899
14688
8054
10171
7989
4553
16186
14737
7996
9395
8016
11491
8039
9675
16035
17023
16127
4743
14601
11292
8388
16183
16610
5447
8544
13089
8402
12153
16703
10292
8866
236
8393
8559
8887
12548
8384
165
7904
9318
15924
8479
7978
11340
7968
4716
13525
14573
16108
9746
8416
2057
7224
7538
16128
11713
7251
16982
16208
13108
8047
16360
16114
15644
8071
17178
5700
14484
16164
7676
8102
6643
16194
5440
8420
15881
5786
4547
8108
1551
8900
3234
8124
7788
8438
14998
16775
3450
8447
6053
8904
9989
8436
15571
8424
15690
8104
1249
8907
4023
8908
13723
8437
12670
8446
9014
8453
14661
8426
14216
16986
5947
8417
16661
8422
15796
16736
10624
8090
1091
16168
10257
5697
13140
16169
8141
8066
11796
16142
3936
8060
14409
8018
8103
16705
9454
8041
8051
12719
9290
8079
11656
5664
16261
16248
9497
8129
8282
16273
13809
16254
1859
16197
2135
16880
8640
16249
2473
8097
13569
16210
5903
8091
15349
8894
9734
8095
4825
16865
13241
8073
7454
16260
16965
8151
11766
8144
13885
8159
3373
7460
6161
8153
16258
8146
7176
8911
11451
8165
5041
8912
16778
7405
11826
16335
6648
15254
8169
7474
4610
7436
4540
8915
8681
8917
12575
7498
2531
8918
14694
7471
9636
16397
16040
16823
16484
15298
7786
7516
3260
8216
11330
8218
5741
8203
17060
15287
6114
16344
786
7403
5689
7387
12803
15143
13574
7420
4983
12973
15839
7374
7375
7414
7844
7435
7345
8922
3343
16311
13844
16319
13050
8919
12149
7361
16312
7354
11055
15112
3791
7394
6092
16302
10346
7401
6834
7458
14228
7448
8978
15322
13972
7517
429
7505
13271
5841
6900
6866
15847
15369
12714
15440
7190
15447
1864
15398
12829
16420
2743
7532
9975
7507
8059
7450
11834
16543
7200
16342
13296
7363
8313
7396
5103
8213
11908
8249
2380
8925
6619
8926
5358
5780
7616
16874
9860
16499
8094
15509
10177
15457
1384
5832
7805
5845
9531
5837
4977
7520
10445
16467
2276
15408
2051
16450
9732
5901
6827
16463
2871
16451
15688
5910
12833
5919
4564
7681
13041
16552
17169
13245
7043
5987
16336
5954
3605
7625
7715
8929
971
8931
673
8932
11091
15480
3941
16526
14015
15567
11409
7659
7466
15498
5061
7642
7653
16522
12784
7698
183
15609
13250
6035
9364
13324
4221
7741
2185
16561
13048
7703
5777
7670
7582
8934
6359
8935
6559
8936
2338
8938
3314
8939
9111
8536
153
7635
15988
7631
8608
8941
1550
8942
2982
8943
16558
16505
6801
7586
14387
7604
14417
16531
4130
7609
13059
15458
12700
16921
583
8289
9709
14952
16126
15414
8998
8923
14466
8920
4034
8248
2698
8539
14507
8672
6489
8298
3337
8944
11417
8271
1002
8947
3579
8948
16652
8279
12903
8265
8702
8949
6210
8952
16395
16929
30
8287
7726
8306
380
8956
1598
8957
449
8960
10766
8323
6194
8961
12544
8317
9689
8299
14447
16585
9315
8311
10954
8330
6175
8338
1594
7667
9591
7645
12580
8276
10615
8268
5033
8964
3397
8967
11942
8188
10688
15976
2643
7492
4148
8222
9313
8224
1180
8969
3302
8970
5232
8971
15415
8235
9541
8968
9192
8231
11225
8232
10861
8238
1003
8972
15
7478
14857
7521
6153
8975
8020
8976
9070
15696
783
6082
10726
6096
921
8977
12856
15595
1202
15749
12139
8375
12221
8373
12347
8377
5341
7680
4203
8979
14999
7644
719
8980
7496
8981
3371
6041
11544
6072
7033
6045
679
6085
15629
6118
11708
6113
6163
8987
16956
6119
15460
6086
13826
15716
1099
6135
16059
13603
882
8984
14034
7734
4342
8990
3766
8992
2706
8993
1989
6134
10918
6158
14261
6183
15740
15769
248
15765
14394
6178
10430
15726
16364
6089
5459
15704
10860
6099
7284
6047
10229
6042
8411
15693
10518
6011
9961
15643
9222
6028
2563
6020
7472
15648
15196
15680
7512
6117
13162
15687
11255
15848
8940
7759
15433
7729
3166
15702
10869
7752
648
6143
7660
15732
654
15706
15225
6151
13439
6172
8792
13688
12875
8983
15446
7766
11650
7792
13889
16574
6008
16017
17198
17197
8429
17196
4504
17195
1503
17194
11206
17193
9527
17192
8624
17191
6902
17190
13918
17189
13638
17188
3980
17186
1223
17183
4527
17182
11674
17181
16841
17180
1886
17176
760
17175
6815
17174
2870
6226
14332
13719
1354
6219
15123
6236
4945
6259
15233
6235
15468
6136
4616
8927
5219
6121
11224
15681
4775
6202
15173
6313
10026
17172
14562
15815
15409
8903
8170
6321
6056
6332
5629
8567
5066
6368
5605
6372
7416
7783
2856
6221
6642
8999
16894
15694
11159
6253
12202
7897
16757
15686
7253
6305
2499
13856
254
6301
1861
9001
12769
13802
3281
15724
11424
7869
2738
15685
2480
6234
15888
6306
5994
9004
16645
13892
8483
8997
1951
9005
14669
8982
8974
5873
16406
15556
12175
5926
981
5902
4715
9011
7035
15540
13145
15494
6481
15502
16057
5853
9360
5836
1280
5830
3309
7717
2018
9013
8550
15618
10564
7723
6214
5959
2300
9018
6070
9020
5282
9021
14293
5935
8363
9022
4693
9023
16785
6038
9385
15587
16290
15795
15760
15624
1301
6067
1893
7751
16097
7701
11927
7721
1115
5886
2786
9024
8161
9025
1179
9027
7202
9029
14934
7710
11898
16544
13520
7727
5165
15816
1685
6110
3341
6033
3758
9031
9757
9030
2602
9032
12511
6165
1015
9036
10909
6180
11806
6131
13805
6084
4995
9037
14432
15959
14760
7872
6102
7839
12046
15965
12370
7845
5157
7826
4012
9038
13378
9017
9752
7878
3388
9039
1427
9040
15943
8394
2621
9042
10028
8415
7706
9046
6644
16702
3384
8425
14715
8399
8583
8362
7008
9052
2792
9053
2905
9054
9882
7902
10816
7871
3389
9055
8112
7953
5089
9058
6999
9059
16605
7748
552
16033
3071
7910
3573
9063
7185
9064
10334
16581
14032
7918
5663
7728
4424
7931
3482
7673
2570
7686
9270
9069
12333
13675
13030
15721
6742
15741
11368
15745
2157
6002
15957
6091
9312
13785
2429
15794
2749
6018
8633
7809
1508
5974
10374
6013
1537
9071
7797
9073
14356
16667
7326
15774
7890
15756
4226
5998
4943
7995
11293
7990
19
9075
16680
7950
1475
16698
15384
7981
16209
7936
9678
13814
8805
15762
16429
9067
10655
9065
16407
5961
15569
5945
3669
15751
7913
6095
4786
7961
67
9077
141
9078
16177
16684
9056
7927
5188
13730
133
15752
16424
7985
2349
15781
13405
7963
10979
7986
4202
6137
15117
15873
4114
6223
6524
15902
11335
15899
9184
6298
6434
6213
7310
9082
4285
9083
14549
16117
9328
6125
11517
6101
2507
7949
16713
5884
13954
16115
89
16116
8343
7954
1823
9084
3382
9085
14603
9081
948
9086
14287
5942
16497
6026
12486
7900
3709
9087
3952
9090
8413
9091
16839
16085
3391
15884
2044
6148
14602
6065
1263
9094
12754
6200
6423
9095
4295
9096
9155
9076
5812
9097
12816
13820
3050
6023
2478
9098
14479
9074
9813
17171
15747
17170
347
17168
3890
17166
7684
17165
1793
8512
16111
8515
9101
8053
315
9062
5558
9103
6840
9104
4250
9105
14554
16181
8277
8028
13457
16220
12721
15917
1882
6244
13837
6272
11614
16
12057
18
4938
21
1609
22
8472
25
6446
26
2799
6322
15484
6324
15094
15922
13281
9112
6528
6310
6944
9116
12871
15913
4605
15876
12620
15905
2559
15878
1652
6292
3782
15910
9114
15889
14536
6269
1626
15925
10100
13989
4393
15927
7342
15896
9942
15946
14548
9047
3652
6325
13545
6353
8348
28
13930
31
13767
32
12162
33
9226
34
383
35
788
37
1831
39
15641
40
5388
9120
6404
9123
10986
9119
16718
9117
2845
6365
12501
6421
17111
6427
16136
6493
3919
17164
14739
6517
14568
6360
8088
6450
4463
9126
14069
6402
16600
6452
2274
9127
15259
6384
15163
15929
12864
15919
3913
15931
14958
9110
14391
15928
13725
6399
3321
6387
4500
6453
10023
15830
7468
15916
14211
15885
7691
15866
1984
6293
11754
6347
3715
6364
12923
6552
2033
16010
3608
6541
1979
9129
5617
9131
3903
9133
11002
6628
3884
9134
13679
6640
12245
6662
12532
6626
10409
6621
467
9136
16432
9125
7152
41
2661
42
9578
43
2529
45
16060
9141
8474
9143
15395
9140
960
9146
4521
9148
5746
9149
1119
9150
14477
9137
14990
17162
5963
17160
10880
17158
3806
17157
3659
17156
15046
17155
8603
14354
10668
6616
16936
46
12328
47
13742
48
15139
50
11714
6617
7419
16055
16110
6656
2930
6647
4816
6655
3022
16087
1995
16070
13898
6682
2211
6684
16277
6701
13552
6683
10572
6641
3829
9152
13981
6636
9785
51
4629
52
15658
53
5811
56
16750
58
11723
59
15872
61
16061
62
1260
63
10762
64
12220
65
8769
69
10843
9157
12079
9156
2955
9158
12053
16054
10854
9153
1326
6667
10626
6610
14610
16063
13858
16048
3069
6688
9958
6696
1413
6709
3924
70
1576
71
5079
74
4905
75
11301
76
12259
78
6611
79
13078
9163
12282
9162
4165
9164
15775
9161
2315
9167
16034
9160
1909
9168
8620
9169
11168
9159
16878
9154
13933
16074
2999
16073
14675
8387
11647
6687
9523
6720
8735
6797
4423
9170
6417
9171
14499
6714
7334
9172
10813
16091
12579
14475
15114
8308
16779
16895
6721
8284
7407
6677
80
81
9188
82
6776
84
1584
86
17003
88
4588
90
2719
93
3474
94
2524
95
11001
97
9765
9178
505
6757
6195
9180
833
9181
7905
9182
16893
6710
1324
6810
7868
9186
5284
9187
16150
9183
834
9189
7611
9190
6935
9191
10479
6923
10515
6939
11818
16224
5167
16184
6358
6835
1869
9193
11148
6929
16159
16188
8545
16207
11881
9177
6314
14749
2083
16195
10661
9176
2012
6888
12905
16190
4843
6864
7745
9194
7592
9195
1518
9196
6341
9197
6575
9198
14491
6905
10780
6895
16926
6957
3602
9199
16773
6983
3717
9200
2764
9203
2539
9205
7133
6958
2880
9208
3711
9209
9244
6892
12567
6812
5695
9210
12087
6800
11464
98
14313
99
7939
9211
1865
9212
4373
9213
7481
9214
10492
17153
1581
17152
9048
17151
16694
9179
16835
9175
7232
9207
9802
9174
12766
9173
14995
9124
16739
9108
9012
9215
3103
9216
1457
17150
11513
9010
1583
17149
15488
8963
16076
8955
9894
17146
1004
17145
12741
17144
12819
8902
9657
17143
590
6842
2267
17142
2911
17141
14173
17140
2547
17139
16723
17138
10783
17137
8499
17135
5323
17133
11156
8819
16619
8817
9944
8806
8072
8834
10024
100
2903
17131
2836
6758
9469
17130
265
17129
4063
17128
2617
17125
1387
6851
11666
6874
7413
8869
7772
8914
16264
6811
13361
6877
9724
16246
15300
8748
13999
16238
5467
16243
3491
6880
827
8850
11557
8734
12062
8724
7131
6908
11152
6915
4606
9219
13721
17124
10449
8712
13693
8703
3506
17123
4011
17122
5351
17121
4679
17118
12005
8690
9858
17117
10443
8658
7807
17116
8211
17114
658
8665
5488
17113
8312
17112
4832
17110
12703
8628
11697
8619
936
17106
11672
16269
10865
8614
9701
8613
5394
8337
2179
16276
1902
6882
15737
6919
6192
6968
10000
9220
6344
9224
15292
8368
8390
9227
702
9228
10153
8404
10853
8401
647
8433
3749
9232
7915
9234
12210
7074
14406
7048
3905
8442
7883
9237
1943
9238
14997
9236
2343
9239
6645
9241
13330
16672
14856
6855
15184
6869
12800
8228
2456
8242
3054
9242
14093
8252
13656
16598
11909
8264
15079
8240
9745
8239
11985
6613
3398
16223
12348
16237
9663
16234
8577
6586
7980
6596
14174
6576
1656
6567
10202
16180
11931
16179
10639
6519
11462
6651
7500
16155
14791
6327
151
6291
119
9230
11956
6351
5753
14550
16066
16130
11300
6486
11135
16113
11742
8610
5937
6378
15853
6350
5265
6369
1593
6394
11644
16138
2975
16141
1849
6466
13587
6429
3431
9246
8601
9247
11979
16131
15039
6302
16697
6220
11389
14572
12737
6231
12742
6331
11693
16099
14292
8609
10417
8606
4421
6309
3430
6279
3524
16103
7098
6482
4728
9248
9788
16156
3725
16146
3763
101
10220
6480
12152
6549
3053
9249
4936
9250
14472
6605
11941
6652
1704
9252
8206
9253
4224
9255
1888
9256
14580
6729
10737
6719
14596
6705
331
9257
13366
6731
1913
9258
2470
9260
1600
9261
5479
9262
369
9263
1345
9264
5468
9266
10212
6663
3615
9267
9644
6665
4986
9268
5314
9269
9755
6699
3663
102
12484
103
15607
104
2328
105
7887
106
9529
107
530
108
14115
109
6886
110
10675
9279
6563
6761
15006
16215
868
14799
3083
6793
14014
16270
10475
6732
5040
6735
11986
6715
13543
14755
859
16284
3274
6807
602
9282
2004
9283
8210
9284
8618
9285
2454
9286
913
9287
706
9288
16540
6488
10920
6499
11733
6534
13236
14707
2773
16178
8230
6607
3409
9295
9600
16212
15437
6535
2047
16211
16630
14772
16272
9277
3662
6753
1838
14785
13760
6781
1153
16282
7584
6809
10510
6791
4651
9298
1878
9299
12771
6901
14012
6849
15586
6945
12517
16281
2302
6914
15327
14902
3145
6894
12827
16291
8324
6912
1148
9300
11725
6897
15194
6891
1412
9302
3127
9303
10625
6964
10641
16307
5670
16325
5434
6951
12326
6982
9711
16327
6021
6933
1422
9304
541
9305
14325
16326
10380
6821
14489
6780
4160
6858
10771
6876
4369
9309
14823
9281
11825
16303
1818
16351
13004
9274
6266
6955
3480
9310
16688
7003
8543
9311
640
9314
16562
6995
5683
9317
11638
17105
691
17104
13705
9272
10719
9245
2875
17103
13724
17100
13158
8604
12470
8602
2313
17099
14595
8600
3554
17098
5536
17096
16426
8598
4988
17094
16134
8597
15829
8596
5367
17092
12650
8595
5887
17090
12671
17088
12360
17087
16217
8591
12439
8590
6724
17085
10845
8589
17004
8587
4449
8593
3671
17084
15048
8586
1968
17082
11449
8582
9786
8580
11479
8579
10672
8573
11172
8572
10568
8571
13129
8569
420
17081
1997
17076
16075
8562
5180
17074
15401
8560
2821
17072
4101
17069
8302
17068
9846
8558
5767
17067
14567
8557
16825
8556
2311
17065
13423
17064
2028
7076
11569
7073
7916
7083
15098
16410
6931
7120
9871
7163
3025
7155
13320
7165
241
7130
10610
7179
3961
17062
16065
17061
9960
7177
9637
17057
3283
17056
16648
17055
5965
17054
14005
8555
6304
17053
919
17052
1999
16422
7270
7127
12307
7156
8464
7164
2330
16456
16758
16440
15321
7213
3683
7194
12454
7207
12304
7175
11257
7189
4314
7184
2061
7222
9797
7212
13419
7153
2367
9320
5359
7140
1757
9324
3058
9325
9491
112
1855
114
5872
115
5083
116
1713
117
2730
118
2599
122
10746
123
16313
124
13584
125
12280
126
2831
128
16052
129
3221
130
16458
9337
1960
9338
11769
7242
10995
7247
7390
9340
2916
134
13812
135
1019
136
16782
138
11846
139
16436
140
2922
142
15329
143
15019
144
3079
145
16733
9347
12888
9346
11432
9343
15145
9341
5150
9348
13568
7267
9552
7290
14738
7254
10302
7181
10014
7248
7209
9350
4222
9351
13039
7235
7694
146
1480
147
4274
149
1760
150
16077
152
4752
154
9509
155
11944
156
14055
157
636
158
16745
162
17016
163
2525
164
7987
166
2853
169
4537
170
5939
9367
12497
9365
14360
9363
10291
9362
16615
9361
15135
9359
14659
9358
6330
9371
13965
9357
12636
9356
14371
9355
556
9372
1930
9373
11401
9352
14402
16398
3661
7182
3468
9374
15971
16401
9655
9333
13506
9332
6593
16399
10840
9330
6211
7145
12617
7243
3151
171
3203
172
3030
9377
14547
9376
5669
9378
12915
9375
13395
7317
14786
7315
3501
9381
7861
9383
15301
17050
3366
17049
12007
9329
941
17048
1108
17046
11605
9327
9886
17045
728
17044
11721
17043
13990
9319
14052
9278
1210
17042
11247
17041
11600
8594
173
174
4555
176
8263
177
14722
178
2540
181
12731
182
3062
185
4376
188
5930
9390
1472
9391
2748
9393
516
9394
1213
9396
3498
9398
11017
9387
10976
9386
12901
17039
13312
17038
11997
17037
14366
17035
12052
8554
2000
17034
1429
17033
3411
17031
11583
17029
5275
17028
5185
17027
5281
17022
1389
17021
14609
8552
656
17020
2397
17018
11711
8551
16708
8548
16013
8547
1438
8553
7002
17017
11258
8546
13790
8542
9503
8541
13212
8538
4149
17014
5369
17013
10907
8537
1032
17012
13722
8535
1742
17011
8145
7071
14270
7092
11712
7049
14894
7085
10949
7087
1725
16409
4771
7263
1184
9326
12534
7238
2959
9334
6207
9400
2832
9401
14964
7305
12986
7319
6268
9402
15636
7295
1125
9403
958
9405
16911
7299
12383
16428
14555
7327
1048
7338
9493
7293
11573
15340
4091
7329
776
9406
11435
6592
5195
9407
312
9410
5288
9411
2878
9412
2417
9413
10866
16330
12559
6577
11524
6571
10787
6529
5713
16362
3306
16358
12105
6747
14134
17009
8003
17007
11910
8534
6069
17006
1904
17005
16763
8533
1441
17000
13230
16998
3610
16995
14352
8531
15739
8530
2260
16994
5477
16993
10548
8529
5088
16992
13480
8528
1286
16991
9761
8526
12155
8523
3013
16988
11580
8521
3247
16987
985
16984
11645
8520
956
16983
13242
8519
12253
8518
8460
16978
15213
8517
2713
16976
12160
8514
6057
16973
3356
16972
15235
8513
15950
8511
8301
6930
8367
7014
6010
7021
3051
9414
14455
16971
13474
16970
10732
16969
12672
8510
1206
16964
12908
8508
651
16960
5557
7143
2464
16403
11913
7047
11016
7257
9967
7221
2839
7273
9521
7298
561
7331
12206
7311
5385
9417
15705
7272
9831
7301
16957
16954
2029
16952
5731
16950
1901
16949
3818
16947
9495
16946
2823
16944
16425
16942
5802
16941
11599
16939
10834
8506
372
16937
14960
8505
12812
8504
15455
8503
4948
16933
4729
16932
3593
16930
10330
16928
15113
8497
11799
8496
3592
7162
12299
7104
11951
16390
11437
8495
2043
16377
14200
8494
10447
8489
4885
7101
2884
8507
11398
16927
15490
8487
15250
8480
14927
8477
4591
7255
8096
16381
3526
7066
13180
7316
2622
16423
11639
16413
11396
16427
15522
8476
4054
7339
998
16925
14109
16920
10662
16919
4844
16918
3528
16917
13810
8471
6635
16915
1772
16914
3018
16910
9923
8470
1404
16909
12352
8469
10001
8468
4658
16908
866
16907
3598
16906
3619
16904
1716
16903
2095
16900
14262
8467
7771
16899
1168
16898
2431
16897
13053
8465
12874
8455
1239
7400
12882
7366
12095
7351
4706
7352
12268
7356
10295
7364
1035
7369
5399
7411
1285
7430
7655
9418
12365
7349
12169
7378
9528
7388
3514
9420
10109
16442
1805
16444
5158
16449
8011
7024
259
7126
11104
7099
5912
9425
745
9426
16707
7046
13717
15473
5202
7038
15086
16453
4047
16446
10487
16433
10665
7340
10600
15482
1156
16452
507
7431
3113
7404
16802
16468
10789
7462
12624
7459
16858
7437
12565
7515
14268
7506
12918
16443
5211
16445
1272
15585
5653
16464
4721
7514
10837
7476
1198
16896
13426
16892
9736
16889
4003
16888
4306
16887
15107
16886
13680
8475
16726
8454
3651
16884
15980
8451
15800
8449
16493
8440
11992
8439
4919
16883
12109
8435
15155
8434
15802
8428
16809
16877
1699
16876
14099
8418
14781
8414
11331
8396
4863
16873
15410
8383
9811
8376
1023
8427
5113
16872
10436
8372
12194
8365
3114
16871
16840
8364
14414
8361
6629
16870
7530
6201
2117
6208
4563
15330
14074
6258
3732
15328
1094
6251
2694
16333
764
6336
12860
16350
12583
16352
5060
16357
12570
6342
3707
16328
1331
16337
9930
16343
11734
6167
5227
6177
10955
6193
13616
6164
10764
6355
12106
6491
3476
6495
1819
6518
14700
6462
3730
9424
3764
9427
6763
9428
13756
16371
5597
6637
10391
6512
2358
9429
223
9432
16278
6509
12349
6109
3613
9433
1122
9437
4567
9438
11025
6127
3486
9439
1062
9440
4453
9441
13718
6146
11114
16387
15341
16391
9518
6525
4138
16388
506
6532
16375
6377
14070
16378
12712
16404
14807
16417
9990
8351
15758
8341
8187
16454
7782
6036
7595
5933
1623
5924
14696
5922
2564
5898
15144
5907
14526
5896
13969
5917
15963
5929
3223
9442
1499
15338
13567
6005
11658
16366
5072
16367
2874
15336
13228
16365
15750
16369
13640
16402
11343
8335
15049
8334
2596
6160
10251
5943
15062
16476
11836
8329
15040
8326
9763
8321
3400
5920
12291
5955
12056
5883
964
8532
15568
16437
10188
8316
1419
5875
2433
5866
16287
5936
5035
5948
13023
5890
13577
5844
1080
16415
12187
5874
14776
16459
1430
16469
4420
16368
13524
6233
11976
16347
13318
16329
6016
16324
13607
8307
9537
8300
3317
6700
3305
16323
4383
6690
10826
16318
11564
6770
11418
6778
7738
6702
10802
16321
4525
16322
15023
5859
1356
5857
13193
16294
4079
15377
16135
16285
1401
16280
5187
6444
11783
6739
10469
6816
1788
15416
2603
6790
10674
6718
1237
6856
7946
6837
3821
9448
11153
6893
15302
6906
11125
6890
12955
16472
14269
7320
10940
7333
1289
7353
10991
7441
8038
9449
15075
7377
4127
9450
10678
6986
5365
9451
3278
9452
16370
6956
5693
9453
13778
16487
11035
16491
11731
16486
13256
5840
4529
5846
16570
16480
10358
5828
3209
16481
13291
16485
5305
16492
6308
16509
14522
8291
1042
5842
9501
16511
15378
8285
13379
8283
13099
8273
2554
16513
1668
5825
3949
15493
11861
15516
2963
15491
2902
16393
10464
8272
3590
7020
14915
16471
9468
8269
11231
8260
4550
16868
2741
16864
15282
8258
363
16861
12000
8247
16860
8237
190
191
8502
193
13745
194
11066
195
15427
196
2970
199
688
200
14583
9444
5118
9455
13583
9322
9573
8928
3826
9456
9932
8236
9814
8233
12998
8226
11485
8225
12438
8220
13895
8219
1587
16859
15711
16856
8217
8215
203
205
11473
206
10801
207
2861
209
4662
210
3923
212
301
213
3857
215
2022
217
4987
218
10306
219
3597
220
11849
226
1640
229
13422
9467
231
232
7912
233
10815
234
14370
235
1143
237
3783
239
1489
240
10684
242
4253
243
13007
244
10676
246
11859
249
9682
250
13740
251
4404
255
12198
256
3700
257
2011
261
14959
262
13509
263
11528
268
698
269
837
271
5729
272
12514
274
9876
275
4157
276
9977
278
5740
279
1017
280
2833
283
6879
285
3396
287
3080
289
6319
291
10786
292
1040
293
8067
294
1341
295
11541
296
10085
297
4296
298
9508
300
3014
302
2126
304
12396
305
460
306
5095
307
16749
309
504
310
2192
313
3944
317
9954
318
11884
320
2991
322
10859
327
2994
328
8121
334
2890
335
12292
336
4462
337
1512
338
4121
9546
340
9547
1602
9548
342
343
9549
344
4173
345
11938
348
14822
349
13916
351
3035
352
546
354
4338
9556
13564
9555
355
356
11873
359
4452
362
15222
365
9819
367
14917
370
794
371
11582
373
12275
374
2641
375
1541
376
1932
377
1938
9563
14452
9562
12581
9561
5614
9564
12605
9560
13206
9559
12753
9558
2550
9566
934
9570
3449
9571
1829
9572
12375
9557
3311
9575
12172
9554
3293
9579
14201
16854
15743
9550
13437
9544
2305
16853
3024
16852
4558
16851
2981
16850
11050
9539
10595
9536
3495
9551
11545
9533
13353
384
1773
386
1896
387
13199
9581
388
389
9457
390
11076
393
13908
395
12431
396
9852
397
3779
398
3545
400
4193
404
15996
406
2411
407
9593
408
14829
409
2519
411
15362
413
2798
414
11577
416
13949
417
15861
418
838
419
1151
422
2814
423
14440
424
11771
425
8101
426
4333
427
11268
428
12316
430
12303
435
5685
438
4232
9608
439
440
13948
441
1924
444
14169
445
1278
447
14488
448
4446
450
12346
451
10203
9612
452
456
15237
457
11617
458
10968
459
12490
461
1287
462
15978
463
2124
465
4430
466
4642
468
14881
469
3917
470
16293
471
4552
473
4117
474
3126
475
646
477
10713
480
15960
482
3134
483
2795
484
11655
485
3307
486
2648
488
4685
489
2183
490
9617
493
9641
494
14676
9635
4318
9638
9645
9632
4823
9640
11284
9631
13020
9629
8036
9642
11619
9628
13915
9627
1964
9643
12384
9626
3174
9646
12830
9625
3094
9647
2668
9649
11457
9623
11630
9622
11907
9620
10253
9619
10128
9618
2610
9650
13943
9615
10673
9614
2425
9652
938
9653
11421
9613
1769
9658
496
497
15028
499
4767
500
14983
9664
10633
9661
10934
9611
11558
9610
12661
9609
14552
9605
1883
9666
12706
9604
2789
9668
11392
502
12504
510
3842
511
13170
513
16501
514
4167
515
8167
517
9672
518
1251
519
12571
522
2014
525
11489
527
3298
529
4096
531
2909
533
805
535
1027
536
10534
537
3182
538
10331
539
1498
544
13964
549
11020
551
11188
553
11532
554
12877
555
14092
557
9463
559
13229
560
3880
562
1279
563
15895
564
4650
565
2169
566
12154
567
14353
570
2178
575
16405
577
15296
579
14221
586
4179
587
15169
588
14301
591
839
592
9489
595
1933
596
11759
16849
9704
9703
598
599
7615
600
12415
601
14607
603
3239
604
2280
605
4818
606
13276
607
5410
608
15288
609
12821
611
14708
612
10542
613
15697
615
872
616
4459
618
11304
620
11213
621
14233
622
11556
623
13411
624
11099
625
2373
626
15272
627
1329
629
12978
630
2974
632
714
633
15417
634
12657
635
4625
638
9514
641
1350
642
10407
643
14081
9735
2369
9737
645
649
11667
652
13203
653
11235
655
2612
659
14853
661
6817
662
14788
663
16334
665
11149
666
9740
667
10720
668
12001
669
11316
671
11728
676
2370
678
1077
680
12148
681
15093
682
5233
683
9744
684
6562
685
13674
686
5694
687
14619
694
11740
695
2935
696
7306
699
12873
705
13681
9754
707
708
14273
711
15314
712
13526
713
5586
715
5419
717
16529
720
10908
722
12738
724
10966
9760
725
726
10049
730
4676
734
14622
735
12937
737
14056
738
4787
739
3428
740
1534
9771
741
743
12481
744
12487
746
11948
747
12496
749
16021
752
3994
753
11080
755
3354
757
4600
759
5466
761
4608
766
12301
769
1614
770
7562
772
1468
773
1471
774
4320
779
15323
782
11009
785
1170
789
11107
790
15262
791
5736
792
9928
795
5397
796
1988
797
2182
798
7654
799
11837
801
14303
802
11587
803
1780
804
15067
806
1777
809
15526
810
3840
812
13645
813
7421
814
13604
816
13355
817
9953
818
14487
819
14787
820
5290
821
16557
822
2522
824
1891
826
12687
829
13328
830
14308
835
4095
836
12112
840
16649
841
16500
845
16265
848
16239
849
14180
850
2364
851
9753
852
9818
853
9791
854
11808
856
3512
857
5496
858
3680
861
4340
862
11745
863
1462
864
2225
865
14719
871
15565
874
13303
876
13028
877
7798
878
4410
879
15252
880
16716
884
4113
885
15981
886
5299
887
2708
888
14230
889
11106
9842
2627
9843
891
894
11790
895
3698
897
13322
898
4431
901
5571
9848
903
904
3153
905
16102
906
5658
907
4087
911
13961
914
4304
915
7585
916
2690
917
13953
918
13191
923
4959
924
2266
925
10513
927
11439
928
4223
929
14709
930
1333
931
8061
932
16020
933
11122
937
16686
939
3282
940
1630
942
5691
945
1047
946
10523
947
1807
949
12341
950
4992
951
1681
954
9845
955
11216
957
2742
959
2327
962
11478
963
5156
965
13049
9896
968
970
15364
972
9965
978
10195
980
13838
983
16257
988
16029
989
8029
991
4194
997
1469
1000
13842
1001
11202
1005
3958
1006
9789
1007
2822
1008
11298
1009
10057
1010
12143
1011
4835
1012
9910
1013
14444
1016
4350
1018
4649
1021
1810
1024
11891
1029
15192
1036
5807
1039
2736
1041
1491
1043
12465
1045
4967
1046
12344
1049
10576
1050
1544
1052
3082
1053
15170
1055
9943
1058
5076
1060
9484
1061
16826
1063
9970
1064
2322
1066
3327
1067
2696
1068
4187
1070
14666
1072
13076
1073
5734
1074
2067
1076
10108
1079
15432
1081
16120
1082
3921
1083
11261
1084
2966
1085
10113
1088
3211
1089
11738
1090
2075
1093
14802
1095
4544
1097
1310
1100
1701
1102
10127
1104
3353
1106
5333
1107
3679
1112
15065
1116
4380
1117
14422
1121
15944
1123
8196
1126
3817
1131
11256
1132
13306
1134
11205
1136
5252
1139
1346
1140
10210
1141
15689
1142
16082
1154
10506
1157
10473
1158
3077
1159
8107
1160
9985
1161
15630
1162
16653
1164
3810
1166
4918
1169
5174
1171
15153
1172
14625
