deepmatcher_textual_abt_buy
4557
5664
830
4239
4375
3550
191
3359
4908
3965
3928
1281
0
1002
5742
945
2869
4914
2868
5120
2867
298
2611
4027
3787
818
2870
3993
2875
133
2657
5711
1929
1581
3474
5565
4660
2831
3616
4476
2866
2059
4257
89
2858
4436
1586
3727
2859
4038
91
195
1894
5640
1458
3595
4285
5119
5503
4015
3594
5245
5607
419
1528
2260
1970
4216
4445
1885
60
1897
2103
4363
3235
3334
1611
1750
4638
4928
4280
3438
4289
821
2435
3048
4352
2289
313
3894
4792
228
1941
874
4053
4335
4615
5443
1626
1106
2371
5215
2884
279
483
2541
2878
3115
5203
3774
5113
1991
630
4499
1
1274
5396
1822
2395
43
3577
4414
2314
2391
2988
2114
2472
5080
1645
4422
2876
2401
370
3138
4276
757
922
1795
2887
718
839
4758
2886
2184
5057
5564
4313
3978
3844
2240
4388
3292
5421
2640
2888
2507
4311
1245
1979
2655
1900
1100
2164
5365
2366
4696
4912
1128
289
4330
2150
154
2249
1381
2124
1844
4950
539
4504
476
2814
2853
2394
2376
143
290
2186
576
3037
1407
4932
5558
344
2504
1999
791
3027
1710
2891
4146
2989
2034
2351
2547
1587
1534
1904
4294
2833
2462
4766
1105
2258
1302
1873
1268
2813
3296
5123
5383
5231
2229
1857
169
2226
108
2005
1143
1513
2145
2168
3129
3888
1478
2180
4654
5390
5495
1761
3285
5008
1905
5084
1559
4246
1009
2046
965
5098
935
2021
893
1186
1590
4397
5438
1660
2330
4970
5385
252
1567
4985
2956
2690
310
3737
3422
364
3857
1969
4396
4023
4070
4175
2362
4192
3378
2131
3125
5600
2540
1582
4967
5106
1430
2133
952
3492
3581
4518
5297
2959
3065
2222
132
2172
2588
4191
1986
5592
2806
2311
5572
180
1781
2327
4398
1551
2699
4954
1888
3882
5109
5112
371
5603
2766
1949
5694
788
168
4284
434
392
4186
2337
5517
5021
646
5038
1286
2446
961
2316
1189
583
4572
2897
1221
433
5466
2898
1839
5145
1007
2900
633
685
101
1490
5054
3986
2780
4160
2642
3487
1453
2899
2902
534
245
2904
2033
5520
2117
2903
2340
2096
1156
2035
3264
2272
2614
2907
4775
3150
4906
3229
4894
3576
3706
2090
5358
2310
4888
1462
1678
4858
981
1848
4768
1785
3566
1627
5598
3721
5535
3790
849
941
2315
1807
517
3425
1134
4821
2255
1842
946
2908
5105
5314
2160
1890
4296
3246
4212
1816
1122
4013
3506
3444
4624
303
5013
4568
3853
3619
4389
1707
3938
738
1119
1794
2751
5289
5252
1737
4374
5389
3902
2885
3401
3445
30
1769
2364
1813
2110
4705
1594
1987
5499
4431
1653
1629
2392
1984
5703
2319
1713
2178
556
2651
5213
4040
2368
206
1405
4956
5397
4251
4303
4837
4952
218
785
1711
5093
2556
2390
3596
1429
3283
3891
2910
244
1178
5264
1786
3924
3631
40
3545
2951
1609
4567
3273
5633
963
83
4780
3047
3272
4114
1852
1367
4639
1558
1810
1212
5302
5378
4098
859
3073
2725
1664
454
1137
4957
2905
3498
3535
1588
2143
2083
2921
1036
3999
764
2415
2460
3964
4154
2966
5419
4024
4779
1121
5303
4080
1946
5567
4435
4480
4805
3099
2700
1679
2214
2581
1055
3255
5656
136
5656
4558
1468
2820
4938
1549
2789
436
5208
2121
264
5193
1489
2043
3943
5738
4872
5130
1296
1003
4569
1972
1865
274
4800
2234
2844
1542
2844
1758
687
3724
1180
3568
4482
5100
4896
2312
4678
5108
1719
2322
1116
1230
1089
1804
4565
1843
1084
338
4795
2134
701
383
701
3696
217
4798
2803
3657
1236
3746
1365
5579
4107
5350
1161
4283
1457
1635
1398
3555
2450
1434
4208
4610
2032
3314
746
1427
4327
4026
4450
1482
4450
4524
5287
335
4774
2147
1085
5714
660
4880
3738
3222
1364
3279
3668
743
4816
4839
3575
3232
2856
1063
1027
5645
4974
2986
1802
66
4133
3879
2840
3759
3987
2942
522
4728
3818
3833
2195
4224
5010
2508
381
1951
3549
5311
3549
5247
305
4533
5150
4244
1011
5403
1011
4341
3326
2085
3394
4229
3570
4111
1860
1252
3572
1267
3644
5164
1530
1898
3457
1389
4237
4238
5317
4825
632
1353
1421
4100
731
2793
2737
2030
5587
2070
3801
1086
1194
2821
1975
2578
1605
2082
3121
4466
4998
4005
2835
2307
51
5163
3159
3979
3287
2343
2425
2641
1734
1080
3871
3783
1961
4328
2970
1257
1930
4964
42
1226
5488
4161
2456
1232
4002
855
1174
1633
1107
5296
4101
4413
5355
4831
3369
1187
92
4929
2055
2466
1600
4014
3912
4021
404
2009
3211
1117
923
3854
4695
2167
4387
1962
2100
4693
5075
912
5549
4035
1466
4731
2622
5207
673
5166
4055
4262
2717
1419
4456
2675
199
2348
2379
4490
4282
2920
1580
4835
1938
4710
1052
3393
4727
1315
1850
4378
1474
2263
1942
2419
2774
2480
2436
2824
1284
2787
611
4492
3329
883
470
1424
3693
4616
1191
4959
1475
3411
4318
1556
5586
4444
4293
4292
4502
3521
5634
4174
3982
1206
4199
1577
4534
1135
4372
1048
3478
1253
3486
4349
304
1278
900
2067
2658
4742
1722
4248
5195
4274
4046
3144
2619
1539
5272
4578
22
3344
4333
4644
4999
1377
2190
1663
3775
1585
5552
1509
5392
1505
213
2228
1412
4507
5300
2792
1415
1673
4815
3234
4308
4487
1657
5129
1130
5337
4577
1378
5332
4110
2747
1479
908
1937
2194
1494
2977
3201
590
3083
2051
3277
5735
1914
4697
3049
4697
4838
3391
1572
3720
3266
3225
4536
348
1583
2026
3213
2269
1608
5409
3479
2122
3503
863
4649
5566
1070
4786
2203
3653
2007
3653
3085
1069
3514
4722
4608
1480
2573
5370
4538
5619
2664
1188
3207
5058
4418
3974
1746
3684
4920
5299
1659
5133
1662
4412
1773
287
1736
1477
3068
1125
1347
3419
1139
3179
1368
4322
3191
3897
1656
1329
4464
4324
3889
503
1741
2106
3016
4882
4165
3597
1423
2559
2037
3609
1882
2342
4255
3376
1584
3249
3310
1109
4108
5464
1887
2894
2597
2492
3842
5648
4743
1103
3243
5440
3702
1547
1596
959
3667
3527
1229
3067
4921
4253
1967
781
3794
3124
1649
2014
2185
778
4596
663
4595
5432
3130
1001
2349
4930
2162
211
4748
4365
5139
2890
1262
5406
2278
2627
5473
2567
2245
3811
2648
4528
2669
2778
1771
1985
4901
4332
5134
4483
1380
4437
4949
5025
2144
2418
3212
2179
2127
3620
4841
4856
1823
1219
4922
3400
1694
4007
255
4007
4302
1440
2123
200
1944
665
2265
973
2889
993
1158
5137
2443
3298
2892
1693
901
5276
5741
2000
5740
126
4853
3372
4393
2004
2115
2266
4047
4900
4233
2012
5386
721
3650
4213
5022
5486
2217
4348
5144
2843
2170
1536
5060
5281
3217
3368
2148
5015
2120
5463
5029
2018
4626
4315
3635
3104
2154
2801
2129
1540
1772
1540
5149
5305
2721
4605
3799
1493
3629
2352
1831
5229
3784
2202
4793
5026
4195
1964
2188
2251
3324
1906
4394
1313
4043
3476
3712
1834
3456
1461
1589
902
2102
2676
2204
1171
3565
4682
5171
2761
2301
4039
2288
1524
2304
3529
5352
295
1151
2031
920
5174
4370
3764
4923
546
2421
1510
5283
2631
438
2631
4778
3187
939
4286
4263
5330
2397
1511
5157
2403
4072
1019
4438
642
5156
4846
4662
4481
5067
1214
4031
4340
2713
1886
1851
3174
4898
2499
4227
2165
1326
2165
5319
3744
531
3744
4383
2505
4321
628
2153
3406
897
5584
5030
2261
4200
2166
4402
1289
3546
1515
5401
4477
5431
1696
2299
3164
1828
3573
3301
3573
5211
3821
5043
3069
3772
911
2211
878
2118
237
4523
5617
3643
3280
848
4182
4606
2029
4020
797
1743
950
4462
4142
1265
5046
4726
4230
2872
4485
2296
5034
2300
1639
4809
2469
5482
3731
4540
3397
1731
1777
2354
2286
4940
2654
4061
2871
4025
3622
4830
1690
4707
3497
4734
3183
3692
2365
1525
258
688
5192
1028
1446
1562
3713
3256
4692
2996
4514
1550
3449
1557
1349
1410
4017
2864
3655
3552
748
1579
2548
4576
4392
3014
257
3006
2736
4331
3916
3003
4761
1684
4059
4927
1614
1717
4164
3582
2136
3847
1215
4491
4068
4560
5261
3563
3589
3762
3625
2854
3722
2852
1395
3613
3802
2851
5589
2850
2146
1792
5623
1519
4252
4180
4252
1520
593
4674
1343
2056
2764
4339
732
4522
2582
3041
4058
4545
2440
1681
1115
1512
4788
4549
4893
3209
1697
1791
906
2763
1607
4672
4694
1532
5402
4979
1616
1279
4113
2767
376
3533
566
3000
2998
3733
5221
1507
3402
4762
3766
3231
1680
5310
3536
2849
2994
1200
2411
4211
739
2221
2879
4659
1543
3709
2383
4735
460
3418
2216
1668
2205
1735
2449
4204
504
4202
4812
2760
2881
4579
1764
3639
415
4416
544
4598
5476
4360
2521
4386
314
4337
475
3320
5704
1379
5189
4380
4706
2847
3680
2846
5417
1071
976
4176
3260
4149
4326
2842
958
4018
5288
2475
1290
2426
369
1436
4197
4405
1642
3102
45
4604
5024
2452
1847
4022
2238
3012
2723
4409
1652
2
3119
4561
1263
3313
4498
1527
1957
1568
2811
803
4218
3374
1310
4548
1931
1836
1010
4563
1801
5118
635
1788
3405
1155
2929
2254
4657
4822
233
4814
3930
2236
4531
2237
5534
2246
2901
3972
3955
1827
5031
3551
4911
1529
5613
2497
4535
1552
1821
2022
5628
2061
5693
1182
1854
1732
5298
1486
1676
1144
567
4960
3176
1492
804
1113
2550
2575
3906
3233
1806
3461
3194
783
2883
2174
800
4996
5441
4711
3541
1481
4500
1740
178
3312
5571
1372
919
3033
1304
1366
4125
3001
2981
2786
3131
4702
2822
1689
662
2860
4048
1294
5608
1516
4664
4655
2549
4451
5427
1340
623
3356
1309
4823
1167
3776
1874
4159
2647
4806
5320
5146
5253
1920
1893
2084
5363
2087
1323
4469
3360
3302
2372
2191
3760
2579
1506
2812
5538
4903
4663
1700
5353
5179
1012
3725
2790
3592
1404
5187
3458
5167
2248
2503
5273
4550
1838
1708
3171
4744
389
2241
1651
2463
625
2220
5286
1318
1994
1892
2239
3899
648
4515
4634
2400
2447
1903
4590
5248
311
786
5201
2558
956
56
4377
770
602
1344
2151
2873
3181
4859
4354
1954
2681
1163
2218
4736
4117
1127
3806
3711
2477
1921
1397
3980
3735
1067
350
2457
3074
2224
1408
3342
5408
4759
2598
5094
3307
3679
4088
5357
2682
4139
77
1303
618
2297
832
4319
1868
3858
323
1974
1244
1165
3591
3354
3989
3953
1390
1945
4612
4986
3338
1998
5455
4399
432
5049
728
3828
4281
3409
1910
4907
3496
2024
4714
3798
3661
1391
2545
4936
2198
1866
2177
1411
2596
1899
1688
2439
1442
2347
5626
1016
1463
4453
2620
5050
3522
4619
3522
1243
4566
3145
2459
4455
3511
3257
7
2769
5533
1471
4571
889
2097
5037
5530
2937
221
2487
4373
1849
1915
3716
1352
3604
3808
3560
2176
2068
3305
3686
1913
5089
3351
3230
599
1014
3778
1469
1312
1053
3240
3751
765
1061
2529
4848
3896
4797
1242
1062
747
2741
2710
4875
2649
2113
2601
1030
1259
3718
2231
1763
2526
3741
1024
3579
5068
5256
3221
1647
4790
4819
2481
4265
2861
2514
5676
3749
139
2001
3998
4214
4489
2040
5646
2684
3341
2818
3588
1705
1632
1619
4867
3489
425
3282
691
2458
3988
1872
4686
1431
46
1845
5028
2398
3339
2407
927
2949
2476
3009
4709
3626
4689
1074
4430
1091
2210
4509
4247
5116
3723
5131
715
1238
5434
1933
4355
1256
2720
3289
3694
2409
80
2105
1097
3345
2016
4884
4763
3403
5667
2375
357
4273
407
3736
124
3428
4746
3732
2306
3367
365
1545
4828
4700
4158
5148
4150
4683
1859
3695
4628
4044
90
869
2346
3968
3464
696
4323
4305
536
3327
1129
1314
3782
1311
3185
5178
1456
3173
4105
3017
1387
4474
158
3054
4196
3169
3022
3395
2568
2660
4097
4840
640
5180
5360
4592
309
3060
3583
1358
116
5072
2130
3494
1277
1040
1606
4993
4351
4988
2762
1111
4965
1546
1099
2643
3940
3004
2467
4235
2909
2636
2329
2511
4913
4582
4439
3423
1288
1960
3228
1760
1826
3810
378
1782
2413
3863
3072
2101
4972
4594
5368
2212
3202
1992
428
2039
5071
1569
2605
4278
3830
1362
3143
851
5184
3932
4362
1878
1339
1077
2256
5420
2358
3927
2572
3895
165
3886
816
4973
4266
5461
3715
3900
115
4987
440
1637
2008
1610
2485
1357
953
3097
1669
661
5122
4784
3172
5135
1385
714
1762
3534
3714
1233
5219
4597
4637
3149
308
2377
19
4221
5575
5199
5717
1720
2689
2530
5292
754
5429
1685
4864
4042
4076
3247
2999
3700
3705
2754
347
3274
1072
3304
3055
4712
2771
1202
1535
3057
5573
3958
4415
2839
4641
2838
492
2750
3410
1952
4343
3507
2995
3719
129
2772
2104
2137
4084
2677
100
3699
597
740
3038
1767
3868
957
5536
2845
1856
2552
2665
2546
792
2542
202
1181
3128
5321
3674
1218
2716
5471
652
1922
3204
886
1997
2207
5375
3081
2356
3632
5405
2537
3612
2420
3755
2982
2524
4384
3184
3666
552
4012
4270
2423
5602
5379
4493
2441
3463
903
1691
2544
2093
686
2496
5027
449
5445
4799
2291
2430
3333
144
5511
4532
5469
3111
989
4223
1426
4948
3931
1450
1935
1250
4785
1250
3365
1445
1655
3959
4703
4358
4008
5220
3646
489
3954
151
2262
3245
4512
702
3180
3106
5313
3216
3026
5669
4667
2498
1154
2832
3805
3199
4137
1538
5377
2518
4673
5629
2834
4447
2938
1217
3556
5301
5268
2975
1138
231
1638
1622
4426
4168
3659
4770
3238
5682
4029
281
2279
5236
2827
3451
2825
4918
5737
4918
2823
5372
2802
2332
4454
250
4189
1305
2280
5083
3275
1971
682
5599
1770
3096
3827
1058
742
4478
3688
2244
5442
4708
5066
1331
2303
5335
4541
4808
2817
3040
4715
4446
2815
1208
3271
2915
1422
5092
2695
1640
1459
3942
1449
4910
2161
5444
1184
853
2152
2836
4106
5651
2816
5606
4811
5498
2809
5216
2808
2125
2437
5340
2960
2075
2360
121
4981
4794
2406
2666
2381
4553
1793
2706
4307
1090
3903
509
3373
1628
2353
1108
4971
5018
4925
5293
1437
2712
4440
3029
934
4990
5285
3697
2810
637
884
5541
3771
3071
2807
3624
2715
5528
2422
3769
1661
3098
4066
5282
4807
3690
2800
4104
3682
4826
5349
4721
2797
5233
1292
355
1384
1703
3248
4717
672
2345
3100
3703
3669
1401
1038
1624
4939
4878
2592
2826
4112
1211
1884
1968
870
2513
3636
4231
1924
3966
1908
4121
3210
5341
2321
4118
2536
184
4099
1439
1973
1895
606
157
2495
3208
5462
4001
5374
4849
3059
5258
683
5701
2607
2993
1698
1709
2745
729
1133
2328
1654
668
3177
678
873
1209
4666
1354
1965
225
5436
1464
1730
2848
824
4719
5342
395
4740
3082
1751
4905
1989
3587
4926
2444
1418
2955
3340
4356
2396
1370
5097
2320
3642
2615
5472
5576
5309
5244
1723
3151
4658
4367
5009
112
4737
2483
2227
3665
2399
4361
5470
872
3876
2924
1470
5202
5090
1316
4782
479
2053
4842
4390
3892
2054
1715
2678
2438
5326
2510
2944
2600
5096
2119
5677
2934
3567
1977
2317
4581
2799
1787
2943
5155
3470
964
5493
3472
3178
1853
4194
4804
3500
1658
3951
4796
2794
1335
3949
3569
2936
3812
1093
2474
5121
2388
3656
4494
3491
423
868
3101
1491
4486
1065
3822
1744
4009
5284
3934
4207
4069
3447
2454
1739
3182
4980
4470
1140
2092
3251
1817
3824
138
4688
372
5140
2604
2006
549
1110
3660
3884
5391
3905
4448
5532
2722
708
413
1687
3748
4732
123
3062
1485
5509
4471
1768
2233
3450
5132
3517
35
3571
2969
1683
2283
2914
5399
2433
1643
5045
1258
3586
4739
850
5329
4428
812
5362
3156
2781
505
3328
4032
1177
2731
3484
3141
2957
1789
3973
4820
2777
5159
2038
65
3936
1623
5515
4629
1298
5210
4254
846
1778
4277
1101
2757
3430
2020
3441
5424
829
5479
4188
2107
4890
2066
4586
5474
2047
2076
4583
1476
4877
904
3878
3910
5557
977
1096
3670
5540
1729
2208
2427
4757
2215
5480
2408
4789
2626
2213
5504
2429
639
575
3814
2002
5371
1990
5035
3299
1079
3975
4045
5526
4843
3939
1553
5594
1425
2925
5036
3258
306
1733
2933
3983
4153
3262
2500
5003
4622
4881
1241
2768
3166
615
4404
5165
2225
585
1420
3452
1438
1444
362
3537
794
5259
3018
4473
5388
5491
2323
5185
1044
1083
2515
2313
4138
844
5620
3031
4832
3107
131
1094
86
3610
3493
4647
4236
4079
4690
1162
4716
3543
3826
2992
2739
5489
1901
4909
1467
4570
4129
2755
4589
3113
4833
1164
5414
4866
3043
684
5660
4983
1943
1192
3538
2625
2727
1797
2624
3617
5062
1157
4917
1149
2243
4977
4824
4376
5554
5415
1333
2336
1554
3383
5702
5323
5596
2748
5251
1196
516
4132
179
3157
730
2538
898
3671
3948
3676
1235
5235
4385
3791
204
3603
3553
3859
3355
2743
4425
3030
4741
2078
37
521
4170
3091
3946
5502
4479
4651
2685
3823
2557
5325
3412
896
14
1176
3734
4116
5265
591
5369
4219
1819
2380
5124
2973
940
2987
3862
2734
1692
4245
5625
2962
3140
2732
4631
2730
4475
3504
4250
2728
5560
1047
4635
2181
4889
2201
435
4267
962
5448
506
3921
2199
1670
5449
5333
2939
2726
2331
3154
5649
1641
2445
1054
1282
979
4085
1927
2247
1373
596
3427
4344
1926
4685
733
28
4772
4679
795
1841
4755
2979
789
31
3306
4124
2013
4128
1388
2770
2968
3250
1293
2829
1022
1341
4862
856
4720
411
4718
5141
2985
796
547
845
4652
2171
3883
5182
4669
5280
4902
315
1413
71
5279
249
1414
1197
3480
3042
3002
5103
1037
1907
3467
1811
1145
1301
2281
5510
2837
2694
4312
3933
3490
4368
557
4057
3977
3105
5183
3970
2719
4599
2718
4754
811
4261
3061
2862
2711
3193
4082
5490
1172
3649
592
570
4130
5218
3116
809
2703
2746
1201
2932
4665
3852
2393
1334
1185
5547
4364
1996
5324
1877
577
1213
3634
4096
752
64
2326
3663
2333
2783
4184
2432
2683
33
3050
2192
4338
1774
3010
4931
5223
3388
4465
2324
2424
1753
2270
1336
1183
1488
1008
2896
3352
5318
3960
2804
5073
3437
3599
5206
645
3614
653
690
5505
5550
899
5718
582
4299
3089
4050
2705
1168
5111
340
4336
1602
2468
3961
589
5611
5739
482
658
1400
3675
1261
496
4646
5304
239
5115
5151
3063
1672
2378
1484
1454
5413
4904
2954
2434
4036
1396
5723
836
4958
1503
3075
3618
2679
584
2132
581
3542
3052
1648
1166
507
1500
3654
827
3872
5453
2599
1501
12
2714
5011
4937
5460
4217
3580
4135
4089
2704
3918
2702
608
2630
4309
881
5605
2442
987
5053
4551
5048
644
2373
4086
5081
4933
